[1msample.sigmf-meta[0m[2m  merkez [0m[36m2450 MHz[0m[2m  hız [0m[36m1.024 MS/s[0m[2m  örnek [0m[36m0…512000[0m[2m  nfft [0m[36m1024[0m
[2mdikey: merkeze göre ofset (MHz)   yatay: zaman (s)[0m

[2m  +0.490 [0m[38;2;69;5;88;48;2;72;28;110m▀[0m[38;2;68;1;84;48;2;72;21;104m▀[0m[38;2;72;28;110;48;2;69;7;90m▀[0m[38;2;71;14;97;48;2;70;8;91m▀[0m[38;2;72;20;102;48;2;68;1;84m▀[0m[38;2;69;3;86;48;2;71;12;95m▀[0m[38;2;69;5;88;48;2;72;24;106m▀[0m[38;2;72;20;102;48;2;71;16;99m▀[0m[38;2;69;6;89;48;2;71;15;98m▀[0m[38;2;71;13;96;48;2;71;16;99m▀[0m[38;2;70;9;92;48;2;68;1;84m▀[0m[38;2;68;1;84;48;2;69;4;87m▀[0m[38;2;71;14;97;48;2;70;11;94m▀[0m[38;2;68;3;86;48;2;71;16;98m▀[0m[38;2;68;2;85;48;2;69;7;90m▀[0m[38;2;72;19;101;48;2;72;22;104m▀[0m[38;2;71;16;99;48;2;72;19;102m▀[0m[38;2;72;19;101;48;2;71;17;100m▀[0m[38;2;71;14;97;48;2;72;23;105m▀[0m[38;2;71;11;94;48;2;70;10;93m▀[0m[38;2;71;13;96;48;2;71;12;95m▀[0m[38;2;71;13;96;48;2;71;11;94m▀[0m[38;2;71;15;97;48;2;71;14;97m▀[0m[38;2;70;8;91;48;2;71;18;101m▀[0m[38;2;71;17;99;48;2;70;9;92m▀[0m[38;2;71;13;96;48;2;72;28;109m▀[0m[38;2;72;22;104;48;2;70;11;94m▀[0m[38;2;70;8;91;48;2;71;17;100m▀[0m[38;2;71;13;96;48;2;71;16;99m▀[0m[38;2;69;7;90;48;2;70;10;93m▀[0m[38;2;68;2;85;48;2;71;16;98m▀[0m[38;2;71;17;99;48;2;71;18;101m▀[0m[38;2;70;9;92;48;2;69;3;86m▀[0m[38;2;70;8;91;48;2;69;5;88m▀[0m[38;2;69;5;88;48;2;71;13;96m▀[0m[38;2;71;15;98;48;2;71;16;99m▀[0m[38;2;72;24;106;48;2;72;26;108m▀[0m[38;2;70;8;91;48;2;71;12;95m▀[0m[38;2;72;23;105;48;2;71;14;97m▀[0m[38;2;69;7;90;48;2;71;17;99m▀[0m[38;2;70;8;91;48;2;70;11;94m▀[0m[38;2;70;8;91;48;2;70;8;91m▀[0m[38;2;69;4;87;48;2;71;15;97m▀[0m[38;2;70;9;92;48;2;72;23;105m▀[0m[38;2;70;7;90;48;2;72;26;108m▀[0m[38;2;69;6;89;48;2;71;15;98m▀[0m[38;2;69;5;88;48;2;71;15;98m▀[0m[38;2;71;15;98;48;2;71;14;97m▀[0m[38;2;68;3;86;48;2;71;15;98m▀[0m[38;2;72;32;113;48;2;72;21;103m▀[0m[38;2;72;23;106;48;2;71;15;97m▀[0m[38;2;69;5;88;48;2;72;22;104m▀[0m[38;2;71;11;94;48;2;71;14;97m▀[0m[38;2;69;3;86;48;2;72;22;104m▀[0m[38;2;69;3;86;48;2;70;8;91m▀[0m[38;2;71;15;98;48;2;71;14;97m▀[0m[38;2;71;13;96;48;2;69;4;87m▀[0m[38;2;71;17;99;48;2;70;9;92m▀[0m[38;2;71;16;99;48;2;72;23;105m▀[0m[38;2;71;15;98;48;2;70;11;94m▀[0m[38;2;70;10;93;48;2;69;5;88m▀[0m[38;2;71;14;97;48;2;71;15;98m▀[0m[38;2;70;8;91;48;2;71;16;99m▀[0m[38;2;71;16;99;48;2;72;19;101m▀[0m[38;2;70;7;90;48;2;70;10;93m▀[0m[38;2;70;8;91;48;2;72;24;106m▀[0m[38;2;70;10;93;48;2;71;13;96m▀[0m[38;2;71;18;101;48;2;68;1;84m▀[0m[38;2;68;2;85;48;2;71;18;100m▀[0m[38;2;71;18;101;48;2;71;17;99m▀[0m[38;2;71;13;96;48;2;68;1;84m▀[0m[38;2;69;6;89;48;2;72;20;102m▀[0m[38;2;71;14;97;48;2;71;13;96m▀[0m[38;2;71;13;96;48;2;70;7;90m▀[0m[38;2;68;1;84;48;2;70;7;90m▀[0m[38;2;71;17;99;48;2;70;9;92m▀[0m[38;2;70;9;92;48;2;71;12;95m▀[0m[38;2;71;16;99;48;2;71;16;99m▀[0m[38;2;70;9;92;48;2;70;11;94m▀[0m[38;2;70;8;91;48;2;69;6;89m▀[0m[38;2;72;20;102;48;2;72;23;105m▀[0m[38;2;69;5;88;48;2;68;1;84m▀[0m[38;2;71;15;98;48;2;70;8;91m▀[0m[38;2;71;15;98;48;2;72;31;113m▀[0m[38;2;71;16;98;48;2;71;14;97m▀[0m[38;2;69;5;88;48;2;70;10;93m▀[0m[38;2;71;15;98;48;2;71;18;101m▀[0m[38;2;72;28;110;48;2;72;22;104m▀[0m[38;2;70;8;91;48;2;72;19;101m▀[0m[38;2;71;13;96;48;2;72;24;106m▀[0m
[2m  +0.448 [0m[38;2;72;21;104;48;2;72;19;101m▀[0m[38;2;71;18;101;48;2;70;10;93m▀[0m[38;2;71;11;94;48;2;69;7;90m▀[0m[38;2;70;9;92;48;2;71;17;99m▀[0m[38;2;71;13;96;48;2;69;4;87m▀[0m[38;2;72;22;104;48;2;72;30;112m▀[0m[38;2;71;15;98;48;2;70;11;94m▀[0m[38;2;71;18;100;48;2;72;19;101m▀[0m[38;2;72;20;102;48;2;69;6;89m▀[0m[38;2;68;1;84;48;2;69;4;87m▀[0m[38;2;72;20;102;48;2;71;12;95m▀[0m[38;2;71;16;99;48;2;71;16;98m▀[0m[38;2;69;3;86;48;2;68;1;84m▀[0m[38;2;68;3;86;48;2;68;3;86m▀[0m[38;2;69;7;90;48;2;68;2;85m▀[0m[38;2;70;9;92;48;2;68;1;84m▀[0m[38;2;70;8;91;48;2;69;7;90m▀[0m[38;2;72;20;102;48;2;71;18;100m▀[0m[38;2;70;7;90;48;2;70;10;93m▀[0m[38;2;71;11;94;48;2;70;8;91m▀[0m[38;2;71;11;94;48;2;68;2;85m▀[0m[38;2;69;7;90;48;2;68;3;86m▀[0m[38;2;69;7;90;48;2;69;6;89m▀[0m[38;2;71;17;100;48;2;71;13;96m▀[0m[38;2;72;28;110;48;2;72;30;112m▀[0m[38;2;72;27;109;48;2;71;18;100m▀[0m[38;2;71;13;96;48;2;70;9;92m▀[0m[38;2;69;4;87;48;2;68;1;84m▀[0m[38;2;69;3;86;48;2;70;8;91m▀[0m[38;2;69;5;88;48;2;71;17;100m▀[0m[38;2;72;26;108;48;2;71;12;95m▀[0m[38;2;69;7;90;48;2;70;8;91m▀[0m[38;2;69;7;90;48;2;71;11;94m▀[0m[38;2;71;13;96;48;2;72;23;105m▀[0m[38;2;71;17;100;48;2;70;8;91m▀[0m[38;2;69;6;89;48;2;72;23;105m▀[0m[38;2;71;17;99;48;2;72;29;111m▀[0m[38;2;71;14;97;48;2;72;21;104m▀[0m[38;2;70;10;93;48;2;71;17;100m▀[0m[38;2;68;1;84;48;2;71;13;96m▀[0m[38;2;69;5;88;48;2;71;18;100m▀[0m[38;2;69;5;88;48;2;71;13;96m▀[0m[38;2;72;32;113;48;2;72;22;104m▀[0m[38;2;68;1;84;48;2;71;14;97m▀[0m[38;2;71;17;100;48;2;69;6;89m▀[0m[38;2;69;5;88;48;2;69;5;88m▀[0m[38;2;72;20;103;48;2;68;1;84m▀[0m[38;2;71;17;100;48;2;69;6;89m▀[0m[38;2;71;15;97;48;2;72;21;103m▀[0m[38;2;71;11;94;48;2;70;9;92m▀[0m[38;2;69;6;89;48;2;71;16;99m▀[0m[38;2;72;19;102;48;2;69;4;87m▀[0m[38;2;71;12;95;48;2;71;16;99m▀[0m[38;2;71;11;94;48;2;70;8;91m▀[0m[38;2;71;13;96;48;2;71;13;96m▀[0m[38;2;70;10;93;48;2;71;16;98m▀[0m[38;2;70;8;91;48;2;71;15;98m▀[0m[38;2;71;11;94;48;2;72;24;106m▀[0m[38;2;71;12;95;48;2;72;19;102m▀[0m[38;2;68;2;85;48;2;70;9;92m▀[0m[38;2;70;11;94;48;2;69;4;87m▀[0m[38;2;71;13;96;48;2;69;5;88m▀[0m[38;2;70;10;93;48;2;71;13;96m▀[0m[38;2;71;17;100;48;2;71;18;101m▀[0m[38;2;72;21;103;48;2;71;11;94m▀[0m[38;2;72;20;102;48;2;71;12;95m▀[0m[38;2;71;12;95;48;2;69;6;89m▀[0m[38;2;72;24;106;48;2;70;9;92m▀[0m[38;2;71;13;96;48;2;70;10;93m▀[0m[38;2;72;25;107;48;2;69;4;87m▀[0m[38;2;72;19;102;48;2;72;20;103m▀[0m[38;2;71;15;98;48;2;72;20;102m▀[0m[38;2;71;17;99;48;2;68;3;86m▀[0m[38;2;70;8;91;48;2;71;14;97m▀[0m[38;2;71;15;98;48;2;72;20;102m▀[0m[38;2;71;15;97;48;2;70;7;90m▀[0m[38;2;70;10;93;48;2;70;9;92m▀[0m[38;2;70;7;90;48;2;71;14;97m▀[0m[38;2;70;8;91;48;2;71;15;98m▀[0m[38;2;71;13;96;48;2;69;4;87m▀[0m[38;2;69;6;89;48;2;68;1;84m▀[0m[38;2;71;17;100;48;2;71;18;101m▀[0m[38;2;68;1;84;48;2;70;8;91m▀[0m[38;2;72;23;105;48;2;68;1;84m▀[0m[38;2;70;10;93;48;2;70;10;93m▀[0m[38;2;69;5;88;48;2;71;15;98m▀[0m[38;2;72;19;101;48;2;68;1;84m▀[0m[38;2;71;14;97;48;2;69;5;88m▀[0m[38;2;72;21;103;48;2;71;17;99m▀[0m[38;2;69;4;87;48;2;71;16;99m▀[0m
[2m  +0.405 [0m[38;2;69;5;88;48;2;72;21;103m▀[0m[38;2;72;24;106;48;2;72;30;111m▀[0m[38;2;71;16;99;48;2;71;41;120m▀[0m[38;2;71;15;98;48;2;69;7;90m▀[0m[38;2;71;13;96;48;2;69;6;89m▀[0m[38;2;71;15;98;48;2;71;18;100m▀[0m[38;2;71;16;98;48;2;71;11;94m▀[0m[38;2;69;4;87;48;2;71;14;96m▀[0m[38;2;72;24;106;48;2;72;24;106m▀[0m[38;2;68;1;84;48;2;72;19;102m▀[0m[38;2;72;20;102;48;2;72;26;108m▀[0m[38;2;71;15;98;48;2;69;4;87m▀[0m[38;2;69;4;87;48;2;72;22;104m▀[0m[38;2;68;2;85;48;2;71;11;94m▀[0m[38;2;71;15;98;48;2;70;8;91m▀[0m[38;2;72;20;102;48;2;69;4;87m▀[0m[38;2;69;5;88;48;2;70;9;92m▀[0m[38;2;69;3;86;48;2;70;9;92m▀[0m[38;2;68;1;84;48;2;71;17;100m▀[0m[38;2;69;6;89;48;2;71;12;95m▀[0m[38;2;72;21;103;48;2;71;13;96m▀[0m[38;2;71;15;98;48;2;68;1;84m▀[0m[38;2;72;29;110;48;2;70;8;91m▀[0m[38;2;70;9;92;48;2;70;7;90m▀[0m[38;2;71;16;98;48;2;71;13;96m▀[0m[38;2;71;15;98;48;2;69;7;90m▀[0m[38;2;72;28;110;48;2;72;27;109m▀[0m[38;2;71;12;95;48;2;70;9;92m▀[0m[38;2;69;5;88;48;2;70;11;94m▀[0m[38;2;72;25;107;48;2;72;23;105m▀[0m[38;2;70;9;92;48;2;70;11;94m▀[0m[38;2;72;25;107;48;2;72;22;104m▀[0m[38;2;68;2;85;48;2;71;11;94m▀[0m[38;2;71;14;97;48;2;71;15;98m▀[0m[38;2;71;17;100;48;2;68;1;84m▀[0m[38;2;72;22;104;48;2;71;16;99m▀[0m[38;2;70;10;93;48;2;71;12;95m▀[0m[38;2;72;23;105;48;2;71;15;98m▀[0m[38;2;71;12;95;48;2;71;17;99m▀[0m[38;2;71;14;97;48;2;72;25;107m▀[0m[38;2;71;11;94;48;2;71;13;96m▀[0m[38;2;71;18;101;48;2;71;14;96m▀[0m[38;2;70;7;90;48;2;69;5;88m▀[0m[38;2;71;17;99;48;2;70;8;91m▀[0m[38;2;70;10;93;48;2;70;9;92m▀[0m[38;2;70;11;94;48;2;71;17;100m▀[0m[38;2;71;13;96;48;2;71;17;100m▀[0m[38;2;71;12;95;48;2;72;20;103m▀[0m[38;2;70;10;93;48;2;71;13;96m▀[0m[38;2;70;10;93;48;2;72;23;105m▀[0m[38;2;70;9;92;48;2;70;10;93m▀[0m[38;2;69;4;87;48;2;69;4;87m▀[0m[38;2;71;17;99;48;2;68;2;85m▀[0m[38;2;72;29;111;48;2;71;13;96m▀[0m[38;2;71;16;99;48;2;71;17;99m▀[0m[38;2;68;1;84;48;2;72;21;103m▀[0m[38;2;68;1;84;48;2;71;14;97m▀[0m[38;2;68;2;85;48;2;72;22;104m▀[0m[38;2;69;7;90;48;2;69;5;88m▀[0m[38;2;69;6;89;48;2;68;1;84m▀[0m[38;2;70;8;91;48;2;71;11;94m▀[0m[38;2;69;5;88;48;2;71;11;94m▀[0m[38;2;72;20;102;48;2;71;11;94m▀[0m[38;2;72;28;109;48;2;69;5;88m▀[0m[38;2;71;16;99;48;2;71;14;97m▀[0m[38;2;68;1;84;48;2;70;11;94m▀[0m[38;2;71;13;96;48;2;71;12;95m▀[0m[38;2;71;15;97;48;2;70;9;92m▀[0m[38;2;68;3;86;48;2;69;6;89m▀[0m[38;2;71;14;96;48;2;70;11;94m▀[0m[38;2;70;8;91;48;2;71;14;97m▀[0m[38;2;71;15;98;48;2;70;10;93m▀[0m[38;2;70;8;91;48;2;70;8;91m▀[0m[38;2;71;14;97;48;2;70;10;93m▀[0m[38;2;71;13;96;48;2;71;15;98m▀[0m[38;2;72;28;110;48;2;72;25;107m▀[0m[38;2;71;13;96;48;2;70;11;94m▀[0m[38;2;70;11;94;48;2;71;13;96m▀[0m[38;2;71;17;100;48;2;68;1;84m▀[0m[38;2;68;1;84;48;2;71;13;96m▀[0m[38;2;71;12;95;48;2;70;9;92m▀[0m[38;2;72;19;102;48;2;71;11;94m▀[0m[38;2;70;11;94;48;2;70;8;91m▀[0m[38;2;69;5;88;48;2;70;8;91m▀[0m[38;2;70;7;90;48;2;71;18;100m▀[0m[38;2;71;15;98;48;2;71;16;98m▀[0m[38;2;72;24;106;48;2;72;22;104m▀[0m[38;2;72;20;103;48;2;72;20;103m▀[0m[38;2;71;15;98;48;2;72;24;106m▀[0m[38;2;71;14;97;48;2;71;14;97m▀[0m
[2m  +0.362 [0m[38;2;71;15;98;48;2;72;19;102m▀[0m[38;2;72;21;103;48;2;70;8;91m▀[0m[38;2;72;28;110;48;2;71;13;96m▀[0m[38;2;70;10;93;48;2;70;10;93m▀[0m[38;2;72;21;103;48;2;71;13;96m▀[0m[38;2;71;18;100;48;2;71;12;95m▀[0m[38;2;72;22;104;48;2;72;40;119m▀[0m[38;2;70;9;92;48;2;68;3;86m▀[0m[38;2;72;20;103;48;2;71;15;98m▀[0m[38;2;70;10;93;48;2;71;18;100m▀[0m[38;2;70;8;91;48;2;72;21;103m▀[0m[38;2;68;1;84;48;2;72;20;102m▀[0m[38;2;72;21;103;48;2;70;10;93m▀[0m[38;2;71;15;98;48;2;69;6;89m▀[0m[38;2;70;9;92;48;2;72;20;103m▀[0m[38;2;70;8;91;48;2;71;14;97m▀[0m[38;2;71;11;94;48;2;71;12;95m▀[0m[38;2;71;17;100;48;2;72;21;104m▀[0m[38;2;68;1;84;48;2;69;4;87m▀[0m[38;2;71;11;94;48;2;69;3;86m▀[0m[38;2;71;12;95;48;2;71;12;95m▀[0m[38;2;71;14;97;48;2;68;1;84m▀[0m[38;2;71;13;96;48;2;70;10;93m▀[0m[38;2;71;17;100;48;2;69;4;87m▀[0m[38;2;68;1;84;48;2;70;10;93m▀[0m[38;2;70;9;92;48;2;71;13;96m▀[0m[38;2;71;15;98;48;2;71;12;95m▀[0m[38;2;71;17;100;48;2;69;3;86m▀[0m[38;2;70;9;92;48;2;72;21;103m▀[0m[38;2;72;25;107;48;2;68;1;84m▀[0m[38;2;70;9;92;48;2;72;19;101m▀[0m[38;2;70;9;92;48;2;71;14;97m▀[0m[38;2;72;19;102;48;2;72;22;105m▀[0m[38;2;72;22;104;48;2;72;25;107m▀[0m[38;2;71;17;100;48;2;71;15;98m▀[0m[38;2;71;17;99;48;2;69;5;88m▀[0m[38;2;70;8;91;48;2;70;11;94m▀[0m[38;2;72;20;103;48;2;69;6;89m▀[0m[38;2;70;10;93;48;2;69;5;88m▀[0m[38;2;71;13;96;48;2;71;12;95m▀[0m[38;2;71;17;100;48;2;69;5;88m▀[0m[38;2;68;3;86;48;2;71;15;97m▀[0m[38;2;68;3;86;48;2;70;9;92m▀[0m[38;2;68;2;85;48;2;72;22;104m▀[0m[38;2;70;11;94;48;2;70;10;93m▀[0m[38;2;70;8;91;48;2;71;16;99m▀[0m[38;2;70;11;94;48;2;72;21;103m▀[0m[38;2;69;5;88;48;2;70;10;93m▀[0m[38;2;70;11;94;48;2;70;8;91m▀[0m[38;2;71;12;95;48;2;72;19;101m▀[0m[38;2;68;1;84;48;2;71;16;99m▀[0m[38;2;70;7;90;48;2;68;1;84m▀[0m[38;2;72;21;103;48;2;70;8;91m▀[0m[38;2;68;1;84;48;2;71;18;100m▀[0m[38;2;71;13;96;48;2;71;14;97m▀[0m[38;2;69;6;89;48;2;69;5;88m▀[0m[38;2;69;5;88;48;2;71;11;94m▀[0m[38;2;72;20;103;48;2;70;9;92m▀[0m[38;2;71;18;101;48;2;68;1;84m▀[0m[38;2;70;8;91;48;2;72;22;104m▀[0m[38;2;68;2;85;48;2;69;4;87m▀[0m[38;2;72;19;101;48;2;72;19;101m▀[0m[38;2;69;4;87;48;2;70;8;91m▀[0m[38;2;69;5;88;48;2;69;7;90m▀[0m[38;2;68;1;84;48;2;71;15;98m▀[0m[38;2;71;14;97;48;2;70;10;93m▀[0m[38;2;72;26;108;48;2;68;1;84m▀[0m[38;2;71;18;101;48;2;70;8;91m▀[0m[38;2;70;9;92;48;2;71;12;95m▀[0m[38;2;71;17;100;48;2;69;4;87m▀[0m[38;2;69;5;88;48;2;72;19;101m▀[0m[38;2;72;32;113;48;2;69;5;88m▀[0m[38;2;71;18;100;48;2;71;18;100m▀[0m[38;2;71;18;100;48;2;70;7;90m▀[0m[38;2;72;20;102;48;2;71;17;99m▀[0m[38;2;70;9;92;48;2;72;19;102m▀[0m[38;2;70;9;92;48;2;71;15;98m▀[0m[38;2;72;19;101;48;2;70;9;92m▀[0m[38;2;72;21;104;48;2;71;17;100m▀[0m[38;2;72;25;107;48;2;68;1;84m▀[0m[38;2;70;9;92;48;2;71;18;100m▀[0m[38;2;70;9;92;48;2;71;11;94m▀[0m[38;2;70;7;90;48;2;70;11;94m▀[0m[38;2;69;7;90;48;2;68;1;84m▀[0m[38;2;71;11;94;48;2;68;3;86m▀[0m[38;2;70;9;92;48;2;72;21;103m▀[0m[38;2;71;16;99;48;2;71;17;99m▀[0m[38;2;69;5;88;48;2;71;18;100m▀[0m[38;2;69;5;88;48;2;72;23;105m▀[0m[38;2;71;18;100;48;2;71;13;96m▀[0m
[2m  +0.320 [0m[38;2;70;10;93;48;2;72;24;106m▀[0m[38;2;71;13;96;48;2;69;5;88m▀[0m[38;2;68;1;84;48;2;69;6;89m▀[0m[38;2;70;8;91;48;2;69;4;87m▀[0m[38;2;71;12;95;48;2;72;22;104m▀[0m[38;2;72;22;104;48;2;71;15;98m▀[0m[38;2;68;2;85;48;2;71;13;96m▀[0m[38;2;70;9;92;48;2;68;2;85m▀[0m[38;2;70;9;92;48;2;71;12;95m▀[0m[38;2;71;13;96;48;2;72;34;115m▀[0m[38;2;71;12;95;48;2;70;7;90m▀[0m[38;2;70;9;92;48;2;72;21;103m▀[0m[38;2;72;22;104;48;2;71;16;99m▀[0m[38;2;70;11;94;48;2;69;6;89m▀[0m[38;2;72;36;117;48;2;71;15;98m▀[0m[38;2;68;1;84;48;2;70;11;94m▀[0m[38;2;70;8;91;48;2;72;25;107m▀[0m[38;2;71;17;99;48;2;71;12;95m▀[0m[38;2;70;10;93;48;2;71;15;98m▀[0m[38;2;70;9;92;48;2;71;16;99m▀[0m[38;2;71;15;97;48;2;70;7;90m▀[0m[38;2;70;10;93;48;2;72;22;104m▀[0m[38;2;68;1;84;48;2;72;23;105m▀[0m[38;2;71;17;100;48;2;70;10;93m▀[0m[38;2;70;7;90;48;2;71;13;96m▀[0m[38;2;68;1;84;48;2;71;16;99m▀[0m[38;2;68;2;85;48;2;71;13;96m▀[0m[38;2;71;14;97;48;2;70;11;94m▀[0m[38;2;72;23;105;48;2;71;14;97m▀[0m[38;2;68;1;84;48;2;70;10;93m▀[0m[38;2;70;10;93;48;2;69;5;88m▀[0m[38;2;72;21;104;48;2;69;3;86m▀[0m[38;2;68;3;86;48;2;70;9;92m▀[0m[38;2;70;7;90;48;2;68;3;86m▀[0m[38;2;69;4;87;48;2;70;8;91m▀[0m[38;2;69;6;89;48;2;70;10;93m▀[0m[38;2;68;1;84;48;2;71;13;96m▀[0m[38;2;71;14;97;48;2;69;6;89m▀[0m[38;2;70;8;91;48;2;71;13;96m▀[0m[38;2;70;50;126;48;2;69;5;88m▀[0m[38;2;71;13;96;48;2;71;13;96m▀[0m[38;2;70;8;91;48;2;71;12;95m▀[0m[38;2;72;22;105;48;2;72;19;101m▀[0m[38;2;72;23;105;48;2;70;11;94m▀[0m[38;2;71;11;94;48;2;70;7;90m▀[0m[38;2;69;6;89;48;2;69;6;89m▀[0m[38;2;71;18;100;48;2;71;14;96m▀[0m[38;2;71;18;100;48;2;68;2;85m▀[0m[38;2;71;15;98;48;2;68;2;85m▀[0m[38;2;71;15;98;48;2;72;25;107m▀[0m[38;2;71;13;96;48;2;71;16;98m▀[0m[38;2;71;17;100;48;2;71;18;100m▀[0m[38;2;70;8;91;48;2;72;21;103m▀[0m[38;2;70;11;94;48;2;72;20;103m▀[0m[38;2;72;29;110;48;2;69;3;86m▀[0m[38;2;69;5;88;48;2;71;11;94m▀[0m[38;2;72;22;104;48;2;71;16;98m▀[0m[38;2;72;30;111;48;2;71;18;100m▀[0m[38;2;70;9;92;48;2;72;21;103m▀[0m[38;2;71;14;97;48;2;69;3;86m▀[0m[38;2;70;11;94;48;2;70;7;90m▀[0m[38;2;71;18;101;48;2;70;8;91m▀[0m[38;2;71;18;101;48;2;71;12;95m▀[0m[38;2;70;11;94;48;2;72;21;104m▀[0m[38;2;71;11;94;48;2;72;23;105m▀[0m[38;2;71;15;98;48;2;71;16;99m▀[0m[38;2;72;26;108;48;2;68;2;85m▀[0m[38;2;71;14;97;48;2;68;3;86m▀[0m[38;2;71;15;98;48;2;72;26;108m▀[0m[38;2;72;20;102;48;2;71;13;96m▀[0m[38;2;71;15;98;48;2;72;21;103m▀[0m[38;2;71;15;98;48;2;71;16;99m▀[0m[38;2;72;19;101;48;2;71;16;99m▀[0m[38;2;68;3;86;48;2;70;10;93m▀[0m[38;2;71;16;99;48;2;71;12;95m▀[0m[38;2;70;8;91;48;2;71;14;97m▀[0m[38;2;71;16;98;48;2;71;14;97m▀[0m[38;2;71;17;100;48;2;71;18;101m▀[0m[38;2;71;15;97;48;2;71;13;96m▀[0m[38;2;70;10;93;48;2;70;11;94m▀[0m[38;2;68;1;84;48;2;70;9;92m▀[0m[38;2;70;8;91;48;2;72;22;105m▀[0m[38;2;70;9;92;48;2;72;19;102m▀[0m[38;2;71;17;99;48;2;70;10;93m▀[0m[38;2;70;9;92;48;2;70;10;93m▀[0m[38;2;68;2;85;48;2;69;5;88m▀[0m[38;2;70;11;94;48;2;71;47;124m▀[0m[38;2;71;11;94;48;2;72;23;105m▀[0m[38;2;71;14;96;48;2;68;1;84m▀[0m[38;2;70;11;94;48;2;71;12;95m▀[0m
[2m  +0.277 [0m[38;2;69;6;89;48;2;71;14;97m▀[0m[38;2;70;7;90;48;2;70;10;93m▀[0m[38;2;70;9;92;48;2;72;25;107m▀[0m[38;2;70;10;93;48;2;69;4;87m▀[0m[38;2;69;4;87;48;2;71;13;96m▀[0m[38;2;71;18;101;48;2;69;5;88m▀[0m[38;2;71;13;96;48;2;69;4;87m▀[0m[38;2;72;20;103;48;2;71;18;100m▀[0m[38;2;68;1;84;48;2;71;15;98m▀[0m[38;2;70;11;94;48;2;71;16;99m▀[0m[38;2;69;7;90;48;2;70;9;92m▀[0m[38;2;68;1;84;48;2;71;11;94m▀[0m[38;2;69;3;86;48;2;70;9;92m▀[0m[38;2;70;9;92;48;2;69;6;89m▀[0m[38;2;71;17;99;48;2;72;24;106m▀[0m[38;2;70;10;93;48;2;69;5;88m▀[0m[38;2;70;10;93;48;2;72;20;102m▀[0m[38;2;72;21;103;48;2;71;13;96m▀[0m[38;2;71;13;96;48;2;71;17;99m▀[0m[38;2;71;15;98;48;2;70;8;91m▀[0m[38;2;71;18;101;48;2;70;8;91m▀[0m[38;2;70;8;91;48;2;70;9;92m▀[0m[38;2;68;2;85;48;2;72;19;101m▀[0m[38;2;71;18;101;48;2;70;9;92m▀[0m[38;2;72;27;109;48;2;70;9;92m▀[0m[38;2;70;7;90;48;2;72;19;101m▀[0m[38;2;70;10;93;48;2;69;4;87m▀[0m[38;2;71;14;97;48;2;71;14;97m▀[0m[38;2;69;4;87;48;2;70;8;91m▀[0m[38;2;71;16;99;48;2;72;25;107m▀[0m[38;2;69;7;90;48;2;70;8;91m▀[0m[38;2;71;12;95;48;2;72;29;111m▀[0m[38;2;71;17;100;48;2;68;2;85m▀[0m[38;2;71;14;97;48;2;71;15;98m▀[0m[38;2;70;11;94;48;2;71;13;96m▀[0m[38;2;70;9;92;48;2;70;10;93m▀[0m[38;2;69;6;89;48;2;70;10;93m▀[0m[38;2;71;12;95;48;2;68;1;84m▀[0m[38;2;71;16;98;48;2;71;12;95m▀[0m[38;2;72;27;109;48;2;69;3;86m▀[0m[38;2;70;8;91;48;2;68;1;84m▀[0m[38;2;71;12;95;48;2;72;28;109m▀[0m[38;2;72;20;102;48;2;70;10;93m▀[0m[38;2;71;13;96;48;2;70;8;91m▀[0m[38;2;72;22;104;48;2;72;19;102m▀[0m[38;2;70;8;91;48;2;71;15;98m▀[0m[38;2;71;13;96;48;2;70;7;90m▀[0m[38;2;57;185;119;48;2;104;204;92m▀[0m[38;2;80;196;106;48;2;90;200;100m▀[0m[38;2;98;202;96;48;2;98;202;95m▀[0m[38;2;80;196;106;48;2;114;207;86m▀[0m[38;2;66;190;113;48;2;108;205;90m▀[0m[38;2;62;188;116;48;2;117;208;84m▀[0m[38;2;64;189;115;48;2;104;204;92m▀[0m[38;2;98;202;96;48;2;105;204;92m▀[0m[38;2;69;191;112;48;2;103;204;93m▀[0m[38;2;77;195;107;48;2;135;213;73m▀[0m[38;2;81;196;105;48;2;85;198;102m▀[0m[38;2;97;202;96;48;2;120;209;82m▀[0m[38;2;77;195;107;48;2;99;202;95m▀[0m[38;2;75;194;109;48;2;95;201;97m▀[0m[38;2;58;186;118;48;2;98;202;96m▀[0m[38;2;72;193;110;48;2;116;207;85m▀[0m[38;2;96;201;97;48;2;115;207;86m▀[0m[38;2;72;193;110;48;2;115;207;85m▀[0m[38;2;65;190;114;48;2;103;203;93m▀[0m[38;2;56;185;119;48;2;113;206;87m▀[0m[38;2;56;185;119;48;2;121;209;82m▀[0m[38;2;69;191;112;48;2;92;200;99m▀[0m[38;2;59;187;117;48;2;117;208;84m▀[0m[38;2;77;195;107;48;2;98;202;96m▀[0m[38;2;74;194;109;48;2;101;203;94m▀[0m[38;2;78;195;107;48;2;107;205;91m▀[0m[38;2;91;200;99;48;2;107;205;91m▀[0m[38;2;71;193;111;48;2;110;206;89m▀[0m[38;2;69;192;112;48;2;91;200;99m▀[0m[38;2;53;183;121;48;2;98;202;95m▀[0m[38;2;61;188;116;48;2;115;207;86m▀[0m[38;2;67;191;113;48;2;112;206;87m▀[0m[38;2;69;192;112;48;2;124;210;80m▀[0m[38;2;103;204;92;48;2;92;200;99m▀[0m[38;2;60;187;117;48;2;105;204;91m▀[0m[38;2;55;184;119;48;2;98;202;95m▀[0m[38;2;53;183;120;48;2;75;194;108m▀[0m[38;2;71;17;99;48;2;71;14;97m▀[0m[38;2;71;18;100;48;2;68;1;84m▀[0m[38;2;71;17;99;48;2;68;1;84m▀[0m[38;2;70;10;93;48;2;72;20;102m▀[0m[38;2;70;10;93;48;2;71;14;97m▀[0m[38;2;68;2;85;48;2;70;10;93m▀[0m
[2m  +0.234 [0m[38;2;71;13;96;48;2;71;18;101m▀[0m[38;2;71;17;99;48;2;71;16;99m▀[0m[38;2;72;19;102;48;2;72;20;102m▀[0m[38;2;68;1;84;48;2;72;20;102m▀[0m[38;2;71;16;99;48;2;70;9;92m▀[0m[38;2;72;22;104;48;2;72;25;107m▀[0m[38;2;70;10;93;48;2;68;1;84m▀[0m[38;2;69;6;89;48;2;69;6;89m▀[0m[38;2;71;14;97;48;2;70;10;93m▀[0m[38;2;71;17;100;48;2;71;13;96m▀[0m[38;2;71;14;97;48;2;72;19;101m▀[0m[38;2;69;5;88;48;2;71;18;100m▀[0m[38;2;70;10;93;48;2;71;12;95m▀[0m[38;2;70;9;92;48;2;72;20;102m▀[0m[38;2;70;11;94;48;2;70;8;91m▀[0m[38;2;69;4;87;48;2;70;10;93m▀[0m[38;2;71;12;95;48;2;72;23;105m▀[0m[38;2;69;6;89;48;2;71;14;97m▀[0m[38;2;71;14;97;48;2;71;17;100m▀[0m[38;2;71;16;99;48;2;71;15;98m▀[0m[38;2;69;6;89;48;2;71;12;95m▀[0m[38;2;70;8;91;48;2;72;19;102m▀[0m[38;2;68;1;84;48;2;72;25;107m▀[0m[38;2;70;9;92;48;2;72;24;106m▀[0m[38;2;69;5;88;48;2;71;15;98m▀[0m[38;2;71;18;101;48;2;72;21;104m▀[0m[38;2;71;14;97;48;2;69;4;87m▀[0m[38;2;70;10;93;48;2;71;12;95m▀[0m[38;2;71;13;96;48;2;72;31;112m▀[0m[38;2;71;13;96;48;2;70;8;91m▀[0m[38;2;71;11;94;48;2;71;11;94m▀[0m[38;2;68;3;86;48;2;71;15;98m▀[0m[38;2;70;7;90;48;2;71;12;95m▀[0m[38;2;71;18;101;48;2;68;2;85m▀[0m[38;2;72;23;105;48;2;69;5;88m▀[0m[38;2;72;24;106;48;2;72;30;112m▀[0m[38;2;68;3;86;48;2;70;8;91m▀[0m[38;2;71;15;98;48;2;70;10;93m▀[0m[38;2;70;10;93;48;2;68;3;86m▀[0m[38;2;71;11;94;48;2;71;11;94m▀[0m[38;2;68;1;84;48;2;72;22;104m▀[0m[38;2;71;11;94;48;2;70;7;90m▀[0m[38;2;71;18;101;48;2;70;8;91m▀[0m[38;2;70;9;92;48;2;71;17;100m▀[0m[38;2;71;14;97;48;2;70;9;92m▀[0m[38;2;71;12;95;48;2;72;20;102m▀[0m[38;2;71;17;99;48;2;69;3;86m▀[0m[38;2;86;198;102;48;2;83;197;104m▀[0m[38;2;112;206;87;48;2;117;208;84m▀[0m[38;2;114;207;86;48;2;115;207;86m▀[0m[38;2;123;210;81;48;2;87;199;102m▀[0m[38;2;87;199;102;48;2;94;201;98m▀[0m[38;2;94;201;98;48;2;79;196;106m▀[0m[38;2;117;208;85;48;2;116;208;85m▀[0m[38;2;114;207;86;48;2;84;197;103m▀[0m[38;2;91;200;99;48;2;122;209;81m▀[0m[38;2;88;199;101;48;2;124;210;80m▀[0m[38;2;113;206;87;48;2;92;200;99m▀[0m[38;2;103;203;93;48;2;127;211;78m▀[0m[38;2;107;205;90;48;2;113;207;87m▀[0m[38;2;123;210;80;48;2;92;200;99m▀[0m[38;2;118;208;84;48;2;116;207;85m▀[0m[38;2;97;202;96;48;2;85;198;103m▀[0m[38;2;111;206;88;48;2;108;205;90m▀[0m[38;2;95;201;97;48;2;90;200;100m▀[0m[38;2;101;203;94;48;2;115;207;86m▀[0m[38;2;97;202;96;48;2;89;199;100m▀[0m[38;2;98;202;96;48;2;117;208;84m▀[0m[38;2;114;207;86;48;2;127;211;78m▀[0m[38;2;114;207;86;48;2;105;204;92m▀[0m[38;2;112;206;87;48;2;106;205;91m▀[0m[38;2;102;203;94;48;2;98;202;96m▀[0m[38;2;101;203;94;48;2;89;199;100m▀[0m[38;2;102;203;93;48;2;88;199;101m▀[0m[38;2;109;205;89;48;2;75;194;108m▀[0m[38;2;103;204;93;48;2;115;207;85m▀[0m[38;2;110;206;89;48;2;81;196;105m▀[0m[38;2;96;201;97;48;2;92;200;99m▀[0m[38;2;121;209;82;48;2;80;196;105m▀[0m[38;2;88;199;101;48;2;80;196;105m▀[0m[38;2;113;206;87;48;2;148;215;64m▀[0m[38;2;110;206;89;48;2;79;196;106m▀[0m[38;2;99;202;95;48;2;92;200;99m▀[0m[38;2;85;198;102;48;2;84;197;103m▀[0m[38;2;71;15;98;48;2;70;9;92m▀[0m[38;2;68;1;84;48;2;71;13;96m▀[0m[38;2;71;18;100;48;2;71;15;98m▀[0m[38;2;68;1;84;48;2;71;11;94m▀[0m[38;2;69;6;89;48;2;70;8;91m▀[0m[38;2;71;17;100;48;2;72;27;109m▀[0m
[2m  +0.192 [0m[38;2;71;14;97;48;2;71;13;96m▀[0m[38;2;69;3;86;48;2;69;5;88m▀[0m[38;2;68;1;84;48;2;71;15;97m▀[0m[38;2;72;22;104;48;2;70;7;90m▀[0m[38;2;71;17;100;48;2;72;23;105m▀[0m[38;2;71;16;99;48;2;71;16;98m▀[0m[38;2;71;13;96;48;2;71;17;99m▀[0m[38;2;71;17;100;48;2;71;17;99m▀[0m[38;2;70;7;90;48;2;68;2;85m▀[0m[38;2;71;15;98;48;2;70;8;91m▀[0m[38;2;71;11;94;48;2;72;27;109m▀[0m[38;2;72;19;101;48;2;71;15;98m▀[0m[38;2;72;27;109;48;2;68;1;84m▀[0m[38;2;69;6;89;48;2;71;18;101m▀[0m[38;2;71;13;96;48;2;71;18;101m▀[0m[38;2;70;10;93;48;2;68;1;84m▀[0m[38;2;69;6;89;48;2;70;9;92m▀[0m[38;2;70;10;93;48;2;71;15;98m▀[0m[38;2;70;9;92;48;2;69;7;90m▀[0m[38;2;70;8;91;48;2;72;21;103m▀[0m[38;2;71;13;96;48;2;71;12;95m▀[0m[38;2;70;8;91;48;2;71;18;100m▀[0m[38;2;72;23;105;48;2;69;6;89m▀[0m[38;2;69;4;87;48;2;71;16;99m▀[0m[38;2;70;11;94;48;2;70;9;92m▀[0m[38;2;71;18;100;48;2;69;4;87m▀[0m[38;2;71;16;98;48;2;68;1;84m▀[0m[38;2;71;18;101;48;2;70;10;93m▀[0m[38;2;68;1;84;48;2;72;29;111m▀[0m[38;2;71;18;101;48;2;69;3;86m▀[0m[38;2;68;1;84;48;2;72;21;103m▀[0m[38;2;72;24;106;48;2;71;14;97m▀[0m[38;2;71;12;95;48;2;68;1;84m▀[0m[38;2;69;4;87;48;2;70;10;93m▀[0m[38;2;71;15;97;48;2;71;16;99m▀[0m[38;2;71;11;94;48;2;72;36;116m▀[0m[38;2;70;8;91;48;2;71;18;100m▀[0m[38;2;72;22;104;48;2;71;12;95m▀[0m[38;2;71;14;97;48;2;70;9;92m▀[0m[38;2;70;8;91;48;2;69;6;89m▀[0m[38;2;72;23;105;48;2;72;30;111m▀[0m[38;2;70;8;91;48;2;72;20;102m▀[0m[38;2;71;13;96;48;2;72;23;105m▀[0m[38;2;71;15;98;48;2;70;8;91m▀[0m[38;2;69;7;90;48;2;71;12;95m▀[0m[38;2;71;14;97;48;2;71;14;97m▀[0m[38;2;70;10;93;48;2;68;1;84m▀[0m[38;2;31;158;136;48;2;69;5;88m▀[0m[38;2;31;152;139;48;2;72;26;108m▀[0m[38;2;32;163;134;48;2;71;15;98m▀[0m[38;2;33;164;134;48;2;72;19;102m▀[0m[38;2;33;164;133;48;2;69;5;88m▀[0m[38;2;35;138;141;48;2;72;25;107m▀[0m[38;2;31;147;140;48;2;70;10;93m▀[0m[38;2;33;165;133;48;2;72;25;107m▀[0m[38;2;31;149;139;48;2;68;2;85m▀[0m[38;2;30;152;138;48;2;70;8;91m▀[0m[38;2;31;159;136;48;2;71;15;98m▀[0m[38;2;30;153;138;48;2;70;7;90m▀[0m[38;2;31;150;139;48;2;72;29;111m▀[0m[38;2;30;155;137;48;2;70;10;93m▀[0m[38;2;30;156;137;48;2;70;8;91m▀[0m[38;2;31;151;139;48;2;72;21;104m▀[0m[38;2;32;164;134;48;2;68;2;85m▀[0m[38;2;34;139;141;48;2;71;11;94m▀[0m[38;2;32;162;134;48;2;70;10;93m▀[0m[38;2;30;153;138;48;2;70;8;91m▀[0m[38;2;30;153;138;48;2;72;22;105m▀[0m[38;2;30;155;138;48;2;69;7;90m▀[0m[38;2;31;150;139;48;2;71;17;100m▀[0m[38;2;31;149;140;48;2;71;11;94m▀[0m[38;2;30;156;137;48;2;71;14;97m▀[0m[38;2;30;154;138;48;2;71;13;96m▀[0m[38;2;31;161;135;48;2;69;6;89m▀[0m[38;2;31;161;135;48;2;68;1;84m▀[0m[38;2;32;144;140;48;2;72;19;101m▀[0m[38;2;30;155;138;48;2;72;23;105m▀[0m[38;2;31;161;135;48;2;71;17;100m▀[0m[38;2;30;153;138;48;2;70;7;90m▀[0m[38;2;32;145;140;48;2;72;20;102m▀[0m[38;2;32;145;140;48;2;71;12;95m▀[0m[38;2;33;142;141;48;2;70;9;92m▀[0m[38;2;33;143;141;48;2;70;10;93m▀[0m[38;2;35;137;141;48;2;72;21;104m▀[0m[38;2;71;12;95;48;2;68;1;84m▀[0m[38;2;69;7;90;48;2;68;1;84m▀[0m[38;2;69;4;87;48;2;71;13;96m▀[0m[38;2;68;1;84;48;2;71;17;99m▀[0m[38;2;72;22;104;48;2;69;5;88m▀[0m[38;2;72;24;106;48;2;72;24;106m▀[0m
[2m  +0.149 [0m[38;2;70;9;92;48;2;71;12;95m▀[0m[38;2;72;21;104;48;2;69;5;88m▀[0m[38;2;71;15;98;48;2;72;25;107m▀[0m[38;2;71;13;96;48;2;71;15;98m▀[0m[38;2;71;15;98;48;2;71;13;96m▀[0m[38;2;71;13;96;48;2;70;10;93m▀[0m[38;2;68;1;84;48;2;71;14;97m▀[0m[38;2;72;24;106;48;2;71;14;97m▀[0m[38;2;70;7;90;48;2;69;3;86m▀[0m[38;2;70;8;91;48;2;71;16;99m▀[0m[38;2;70;9;92;48;2;71;12;95m▀[0m[38;2;68;1;84;48;2;69;5;88m▀[0m[38;2;71;15;98;48;2;70;10;93m▀[0m[38;2;70;8;91;48;2;69;3;86m▀[0m[38;2;72;21;103;48;2;71;15;98m▀[0m[38;2;71;16;99;48;2;70;8;91m▀[0m[38;2;72;19;101;48;2;72;19;101m▀[0m[38;2;71;13;96;48;2;72;21;103m▀[0m[38;2;72;33;114;48;2;69;5;88m▀[0m[38;2;72;20;102;48;2;72;28;110m▀[0m[38;2;69;6;89;48;2;70;11;94m▀[0m[38;2;71;14;97;48;2;72;24;106m▀[0m[38;2;70;9;92;48;2;69;6;89m▀[0m[38;2;70;11;94;48;2;72;27;109m▀[0m[38;2;70;9;92;48;2;68;1;84m▀[0m[38;2;71;18;101;48;2;71;17;100m▀[0m[38;2;71;17;100;48;2;70;9;92m▀[0m[38;2;72;22;104;48;2;69;4;87m▀[0m[38;2;71;11;94;48;2;71;15;98m▀[0m[38;2;68;1;84;48;2;71;17;100m▀[0m[38;2;69;5;88;48;2;69;6;89m▀[0m[38;2;72;22;104;48;2;70;8;91m▀[0m[38;2;72;21;103;48;2;70;10;93m▀[0m[38;2;71;13;96;48;2;68;2;85m▀[0m[38;2;68;1;84;48;2;72;21;103m▀[0m[38;2;72;24;106;48;2;68;2;85m▀[0m[38;2;70;11;94;48;2;69;4;87m▀[0m[38;2;69;7;90;48;2;72;22;104m▀[0m[38;2;71;17;100;48;2;71;18;101m▀[0m[38;2;71;12;95;48;2;71;15;98m▀[0m[38;2;68;1;84;48;2;71;11;94m▀[0m[38;2;70;10;93;48;2;71;17;99m▀[0m[38;2;71;17;99;48;2;69;6;89m▀[0m[38;2;71;12;95;48;2;71;17;100m▀[0m[38;2;72;20;102;48;2;69;3;86m▀[0m[38;2;72;20;102;48;2;69;5;88m▀[0m[38;2;70;8;91;48;2;71;18;101m▀[0m[38;2;71;13;96;48;2;69;5;88m▀[0m[38;2;71;18;101;48;2;71;12;95m▀[0m[38;2;72;26;108;48;2;70;10;93m▀[0m[38;2;71;17;99;48;2;71;14;97m▀[0m[38;2;71;13;96;48;2;70;8;91m▀[0m[38;2;69;4;87;48;2;71;11;94m▀[0m[38;2;71;17;100;48;2;69;5;88m▀[0m[38;2;72;22;104;48;2;72;19;101m▀[0m[38;2;71;15;97;48;2;72;21;103m▀[0m[38;2;72;22;104;48;2;72;19;101m▀[0m[38;2;71;12;95;48;2;70;10;93m▀[0m[38;2;72;19;101;48;2;71;16;99m▀[0m[38;2;71;14;97;48;2;72;20;102m▀[0m[38;2;72;24;106;48;2;68;3;86m▀[0m[38;2;71;17;99;48;2;70;9;92m▀[0m[38;2;71;18;100;48;2;69;7;90m▀[0m[38;2;71;14;97;48;2;71;16;98m▀[0m[38;2;69;5;88;48;2;70;9;92m▀[0m[38;2;69;3;86;48;2;71;13;96m▀[0m[38;2;71;14;97;48;2;72;20;102m▀[0m[38;2;68;1;84;48;2;68;2;85m▀[0m[38;2;72;21;104;48;2;70;8;91m▀[0m[38;2;70;10;93;48;2;71;18;100m▀[0m[38;2;68;1;84;48;2;71;13;96m▀[0m[38;2;70;10;93;48;2;71;16;99m▀[0m[38;2;71;16;99;48;2;68;1;84m▀[0m[38;2;71;18;100;48;2;69;3;86m▀[0m[38;2;71;17;99;48;2;68;1;84m▀[0m[38;2;70;10;93;48;2;72;22;104m▀[0m[38;2;71;12;95;48;2;71;11;94m▀[0m[38;2;68;1;84;48;2;71;16;99m▀[0m[38;2;71;14;97;48;2;70;10;93m▀[0m[38;2;71;15;98;48;2;68;3;86m▀[0m[38;2;71;14;97;48;2;69;6;89m▀[0m[38;2;71;14;97;48;2;70;10;93m▀[0m[38;2;68;3;86;48;2;70;10;93m▀[0m[38;2;68;1;84;48;2;69;5;88m▀[0m[38;2;71;12;95;48;2;71;13;96m▀[0m[38;2;71;18;101;48;2;72;25;107m▀[0m[38;2;71;15;98;48;2;69;6;89m▀[0m[38;2;68;3;86;48;2;69;3;86m▀[0m[38;2;71;16;98;48;2;72;24;106m▀[0m[38;2;70;8;91;48;2;70;11;94m▀[0m
[2m  +0.106 [0m[38;2;72;19;102;48;2;253;231;37m▀[0m[38;2;71;12;95;48;2;253;231;37m▀[0m[38;2;72;24;106;48;2;253;231;37m▀[0m[38;2;69;6;89;48;2;253;231;37m▀[0m[38;2;68;1;84;48;2;253;231;37m▀[0m[38;2;70;7;90;48;2;253;231;37m▀[0m[38;2;68;1;84;48;2;253;231;37m▀[0m[38;2;71;14;97;48;2;253;231;37m▀[0m[38;2;69;6;89;48;2;253;231;37m▀[0m[38;2;72;24;106;48;2;253;231;37m▀[0m[38;2;69;7;90;48;2;253;231;37m▀[0m[38;2;71;17;99;48;2;253;231;37m▀[0m[38;2;68;1;84;48;2;253;231;37m▀[0m[38;2;69;4;87;48;2;253;231;37m▀[0m[38;2;71;16;99;48;2;253;231;37m▀[0m[38;2;71;18;100;48;2;253;231;37m▀[0m[38;2;69;6;89;48;2;253;231;37m▀[0m[38;2;69;7;90;48;2;253;231;37m▀[0m[38;2;68;3;86;48;2;253;231;37m▀[0m[38;2;71;14;97;48;2;253;231;37m▀[0m[38;2;70;7;90;48;2;253;231;37m▀[0m[38;2;69;7;90;48;2;253;231;37m▀[0m[38;2;72;19;101;48;2;253;231;37m▀[0m[38;2;70;10;93;48;2;253;231;37m▀[0m[38;2;70;9;92;48;2;253;231;37m▀[0m[38;2;71;11;94;48;2;253;231;37m▀[0m[38;2;72;21;103;48;2;253;231;37m▀[0m[38;2;68;1;84;48;2;253;231;37m▀[0m[38;2;71;11;94;48;2;253;231;37m▀[0m[38;2;71;15;98;48;2;253;231;37m▀[0m[38;2;71;12;95;48;2;253;231;37m▀[0m[38;2;71;14;97;48;2;253;231;37m▀[0m[38;2;68;2;85;48;2;253;231;37m▀[0m[38;2;68;1;84;48;2;253;231;37m▀[0m[38;2;72;20;102;48;2;253;231;37m▀[0m[38;2;71;14;97;48;2;253;231;37m▀[0m[38;2;71;18;101;48;2;253;231;37m▀[0m[38;2;72;21;103;48;2;253;231;37m▀[0m[38;2;72;20;103;48;2;253;231;37m▀[0m[38;2;71;18;101;48;2;253;231;37m▀[0m[38;2;72;22;104;48;2;253;231;37m▀[0m[38;2;69;7;90;48;2;253;231;37m▀[0m[38;2;71;11;94;48;2;253;231;37m▀[0m[38;2;71;12;95;48;2;253;231;37m▀[0m[38;2;72;23;105;48;2;253;231;37m▀[0m[38;2;70;10;93;48;2;253;231;37m▀[0m[38;2;69;4;87;48;2;253;231;37m▀[0m[38;2;70;8;91;48;2;253;231;37m▀[0m[38;2;68;3;86;48;2;253;231;37m▀[0m[38;2;70;8;91;48;2;253;231;37m▀[0m[38;2;69;4;87;48;2;253;231;37m▀[0m[38;2;70;8;91;48;2;253;231;37m▀[0m[38;2;71;15;98;48;2;253;231;37m▀[0m[38;2;71;14;97;48;2;253;231;37m▀[0m[38;2;69;4;87;48;2;253;231;37m▀[0m[38;2;72;26;108;48;2;253;231;37m▀[0m[38;2;70;9;92;48;2;253;231;37m▀[0m[38;2;68;2;85;48;2;253;231;37m▀[0m[38;2;68;2;85;48;2;253;231;37m▀[0m[38;2;72;23;105;48;2;253;231;37m▀[0m[38;2;72;19;101;48;2;253;231;37m▀[0m[38;2;71;15;98;48;2;253;231;37m▀[0m[38;2;71;15;98;48;2;253;231;37m▀[0m[38;2;72;21;103;48;2;253;231;37m▀[0m[38;2;71;12;95;48;2;253;231;37m▀[0m[38;2;72;29;110;48;2;253;231;37m▀[0m[38;2;72;20;103;48;2;253;231;37m▀[0m[38;2;68;1;84;48;2;253;231;37m▀[0m[38;2;68;3;86;48;2;253;231;37m▀[0m[38;2;68;1;84;48;2;253;231;37m▀[0m[38;2;70;8;91;48;2;253;231;37m▀[0m[38;2;69;7;90;48;2;253;231;37m▀[0m[38;2;70;8;91;48;2;253;231;37m▀[0m[38;2;72;24;106;48;2;253;231;37m▀[0m[38;2;70;9;92;48;2;253;231;37m▀[0m[38;2;71;17;100;48;2;253;231;37m▀[0m[38;2;71;12;95;48;2;253;231;37m▀[0m[38;2;71;13;96;48;2;253;231;37m▀[0m[38;2;70;11;94;48;2;253;231;37m▀[0m[38;2;72;19;102;48;2;253;231;37m▀[0m[38;2;69;6;89;48;2;253;231;37m▀[0m[38;2;71;12;95;48;2;253;231;37m▀[0m[38;2;70;8;91;48;2;253;231;37m▀[0m[38;2;70;7;90;48;2;253;231;37m▀[0m[38;2;72;23;105;48;2;253;231;37m▀[0m[38;2;72;23;105;48;2;253;231;37m▀[0m[38;2;72;21;103;48;2;253;231;37m▀[0m[38;2;71;17;99;48;2;253;231;37m▀[0m[38;2;71;15;98;48;2;253;231;37m▀[0m[38;2;71;13;96;48;2;253;231;37m▀[0m
[2m  +0.064 [0m[38;2;70;9;92;48;2;69;3;86m▀[0m[38;2;71;15;98;48;2;68;2;85m▀[0m[38;2;71;12;95;48;2;69;5;88m▀[0m[38;2;72;27;109;48;2;72;24;106m▀[0m[38;2;71;14;97;48;2;69;6;89m▀[0m[38;2;71;13;96;48;2;69;6;89m▀[0m[38;2;68;1;84;48;2;70;10;93m▀[0m[38;2;68;1;84;48;2;70;9;92m▀[0m[38;2;71;13;96;48;2;68;1;84m▀[0m[38;2;69;6;89;48;2;69;6;89m▀[0m[38;2;72;22;104;48;2;70;8;91m▀[0m[38;2;69;7;90;48;2;69;7;90m▀[0m[38;2;71;16;99;48;2;68;1;84m▀[0m[38;2;69;3;86;48;2;72;23;105m▀[0m[38;2;72;20;102;48;2;70;11;94m▀[0m[38;2;70;9;92;48;2;72;26;108m▀[0m[38;2;72;19;102;48;2;72;22;104m▀[0m[38;2;70;9;92;48;2;72;21;103m▀[0m[38;2;71;17;99;48;2;69;7;90m▀[0m[38;2;71;18;100;48;2;71;14;97m▀[0m[38;2;72;20;103;48;2;71;12;95m▀[0m[38;2;72;29;110;48;2;70;11;94m▀[0m[38;2;71;11;94;48;2;70;9;92m▀[0m[38;2;68;1;84;48;2;68;1;84m▀[0m[38;2;70;10;93;48;2;68;3;86m▀[0m[38;2;70;8;91;48;2;68;1;84m▀[0m[38;2;71;11;94;48;2;71;13;96m▀[0m[38;2;70;10;93;48;2;69;7;90m▀[0m[38;2;71;17;99;48;2;69;7;90m▀[0m[38;2;70;7;90;48;2;69;6;89m▀[0m[38;2;71;14;97;48;2;72;20;103m▀[0m[38;2;71;13;96;48;2;72;20;102m▀[0m[38;2;71;13;96;48;2;72;22;104m▀[0m[38;2;71;15;98;48;2;71;16;98m▀[0m[38;2;69;3;86;48;2;71;14;97m▀[0m[38;2;70;9;92;48;2;70;10;93m▀[0m[38;2;72;33;114;48;2;71;16;99m▀[0m[38;2;70;11;94;48;2;71;17;100m▀[0m[38;2;69;6;89;48;2;71;16;99m▀[0m[38;2;70;11;94;48;2;72;28;110m▀[0m[38;2;71;13;96;48;2;71;17;100m▀[0m[38;2;69;4;87;48;2;71;14;97m▀[0m[38;2;70;11;94;48;2;69;5;88m▀[0m[38;2;71;17;100;48;2;71;12;95m▀[0m[38;2;71;11;94;48;2;71;12;95m▀[0m[38;2;72;19;102;48;2;70;9;92m▀[0m[38;2;71;16;98;48;2;70;8;91m▀[0m[38;2;70;10;93;48;2;71;16;99m▀[0m[38;2;72;20;102;48;2;72;21;103m▀[0m[38;2;71;16;99;48;2;71;12;95m▀[0m[38;2;72;20;102;48;2;70;9;92m▀[0m[38;2;71;12;95;48;2;71;18;101m▀[0m[38;2;70;8;91;48;2;69;5;88m▀[0m[38;2;71;12;95;48;2;68;1;84m▀[0m[38;2;71;17;100;48;2;70;8;91m▀[0m[38;2;69;4;87;48;2;72;19;102m▀[0m[38;2;70;9;92;48;2;71;13;96m▀[0m[38;2;72;25;107;48;2;71;15;98m▀[0m[38;2;71;14;97;48;2;71;11;94m▀[0m[38;2;71;18;100;48;2;71;16;98m▀[0m[38;2;70;10;93;48;2;71;13;96m▀[0m[38;2;71;15;98;48;2;72;20;102m▀[0m[38;2;71;14;97;48;2;70;8;91m▀[0m[38;2;72;22;104;48;2;68;3;86m▀[0m[38;2;68;2;85;48;2;69;4;87m▀[0m[38;2;69;4;87;48;2;70;8;91m▀[0m[38;2;72;27;108;48;2;70;9;92m▀[0m[38;2;71;13;96;48;2;69;4;87m▀[0m[38;2;71;11;94;48;2;68;1;84m▀[0m[38;2;68;1;84;48;2;72;23;105m▀[0m[38;2;70;11;94;48;2;71;12;95m▀[0m[38;2;69;7;90;48;2;70;7;90m▀[0m[38;2;71;16;99;48;2;72;21;103m▀[0m[38;2;71;16;99;48;2;70;10;93m▀[0m[38;2;72;27;109;48;2;72;23;105m▀[0m[38;2;72;20;102;48;2;69;4;87m▀[0m[38;2;69;6;89;48;2;71;11;94m▀[0m[38;2;71;12;95;48;2;69;3;86m▀[0m[38;2;72;30;112;48;2;70;7;90m▀[0m[38;2;71;14;97;48;2;70;8;91m▀[0m[38;2;69;4;87;48;2;68;2;85m▀[0m[38;2;72;23;105;48;2;70;9;92m▀[0m[38;2;68;1;84;48;2;69;6;89m▀[0m[38;2;70;7;90;48;2;68;1;84m▀[0m[38;2;72;28;109;48;2;69;6;89m▀[0m[38;2;70;10;93;48;2;70;9;92m▀[0m[38;2;72;19;102;48;2;71;16;99m▀[0m[38;2;72;22;104;48;2;72;22;104m▀[0m[38;2;70;8;91;48;2;71;14;97m▀[0m[38;2;70;7;90;48;2;72;23;105m▀[0m
[2m  +0.021 [0m[38;2;71;17;99;48;2;69;4;87m▀[0m[38;2;71;17;100;48;2;72;30;111m▀[0m[38;2;70;8;91;48;2;70;8;91m▀[0m[38;2;69;5;88;48;2;71;12;95m▀[0m[38;2;71;13;96;48;2;70;9;92m▀[0m[38;2;70;10;93;48;2;71;16;99m▀[0m[38;2;70;9;92;48;2;71;18;101m▀[0m[38;2;69;6;89;48;2;70;11;94m▀[0m[38;2;71;13;96;48;2;72;38;118m▀[0m[38;2;69;6;89;48;2;69;6;89m▀[0m[38;2;69;5;88;48;2;69;6;89m▀[0m[38;2;69;4;87;48;2;69;7;90m▀[0m[38;2;68;1;84;48;2;72;20;102m▀[0m[38;2;70;8;91;48;2;72;26;107m▀[0m[38;2;72;26;108;48;2;71;12;95m▀[0m[38;2;71;15;98;48;2;72;20;102m▀[0m[38;2;68;1;84;48;2;71;13;96m▀[0m[38;2;71;14;97;48;2;71;14;96m▀[0m[38;2;70;10;93;48;2;68;1;84m▀[0m[38;2;71;11;94;48;2;72;19;101m▀[0m[38;2;70;10;93;48;2;71;12;95m▀[0m[38;2;71;12;95;48;2;72;25;107m▀[0m[38;2;72;24;106;48;2;71;11;94m▀[0m[38;2;71;17;100;48;2;72;28;110m▀[0m[38;2;68;1;84;48;2;69;6;89m▀[0m[38;2;71;12;95;48;2;71;13;96m▀[0m[38;2;71;12;95;48;2;70;7;90m▀[0m[38;2;68;1;84;48;2;68;1;84m▀[0m[38;2;72;21;103;48;2;72;28;109m▀[0m[38;2;71;14;97;48;2;72;20;102m▀[0m[38;2;68;3;86;48;2;69;6;89m▀[0m[38;2;68;1;84;48;2;71;15;98m▀[0m[38;2;69;6;89;48;2;72;24;106m▀[0m[38;2;69;3;86;48;2;71;11;94m▀[0m[38;2;71;15;98;48;2;71;16;98m▀[0m[38;2;71;11;94;48;2;72;23;105m▀[0m[38;2;71;15;98;48;2;72;26;108m▀[0m[38;2;72;27;109;48;2;69;5;88m▀[0m[38;2;72;23;105;48;2;69;3;86m▀[0m[38;2;72;23;105;48;2;71;13;96m▀[0m[38;2;68;2;85;48;2;71;18;100m▀[0m[38;2;69;5;88;48;2;70;8;91m▀[0m[38;2;72;26;108;48;2;69;4;87m▀[0m[38;2;70;10;93;48;2;69;4;87m▀[0m[38;2;71;15;98;48;2;71;17;100m▀[0m[38;2;71;13;96;48;2;72;22;104m▀[0m[38;2;71;16;98;48;2;72;22;104m▀[0m[38;2;70;11;94;48;2;71;12;95m▀[0m[38;2;71;13;96;48;2;69;5;88m▀[0m[38;2;69;4;87;48;2;71;15;98m▀[0m[38;2;72;19;101;48;2;70;10;93m▀[0m[38;2;69;3;86;48;2;72;19;101m▀[0m[38;2;71;15;98;48;2;71;17;100m▀[0m[38;2;70;10;93;48;2;71;13;96m▀[0m[38;2;72;21;103;48;2;71;13;96m▀[0m[38;2;71;14;97;48;2;71;13;96m▀[0m[38;2;72;31;113;48;2;71;15;98m▀[0m[38;2;72;19;102;48;2;70;10;93m▀[0m[38;2;70;9;92;48;2;71;15;98m▀[0m[38;2;70;8;91;48;2;69;7;90m▀[0m[38;2;72;21;103;48;2;70;8;91m▀[0m[38;2;70;9;92;48;2;71;11;94m▀[0m[38;2;72;24;106;48;2;70;8;91m▀[0m[38;2;71;16;99;48;2;70;10;93m▀[0m[38;2;71;11;94;48;2;72;22;104m▀[0m[38;2;72;22;105;48;2;71;13;96m▀[0m[38;2;69;3;86;48;2;71;15;98m▀[0m[38;2;72;21;104;48;2;71;11;94m▀[0m[38;2;70;9;92;48;2;71;16;99m▀[0m[38;2;71;14;97;48;2;70;11;94m▀[0m[38;2;71;13;96;48;2;70;9;92m▀[0m[38;2;69;6;89;48;2;71;16;99m▀[0m[38;2;70;10;93;48;2;72;28;110m▀[0m[38;2;72;19;102;48;2;72;20;103m▀[0m[38;2;70;10;93;48;2;71;12;95m▀[0m[38;2;72;28;110;48;2;70;10;93m▀[0m[38;2;69;6;89;48;2;70;7;90m▀[0m[38;2;70;9;92;48;2;70;11;94m▀[0m[38;2;69;6;89;48;2;71;12;95m▀[0m[38;2;72;20;102;48;2;71;13;96m▀[0m[38;2;70;8;91;48;2;69;4;87m▀[0m[38;2;70;7;90;48;2;69;6;89m▀[0m[38;2;72;19;102;48;2;68;3;86m▀[0m[38;2;70;9;92;48;2;69;6;89m▀[0m[38;2;70;7;90;48;2;69;5;88m▀[0m[38;2;68;2;85;48;2;72;24;106m▀[0m[38;2;71;16;99;48;2;70;11;94m▀[0m[38;2;69;7;90;48;2;70;11;94m▀[0m[38;2;69;6;89;48;2;70;10;93m▀[0m[38;2;72;19;102;48;2;72;23;105m▀[0m
[2m  -0.021 [0m[38;2;68;2;85;48;2;70;9;92m▀[0m[38;2;71;12;95;48;2;72;21;104m▀[0m[38;2;70;7;90;48;2;72;30;112m▀[0m[38;2;70;8;91;48;2;71;15;98m▀[0m[38;2;70;10;93;48;2;71;16;99m▀[0m[38;2;70;9;92;48;2;72;28;109m▀[0m[38;2;71;18;100;48;2;72;26;108m▀[0m[38;2;71;13;96;48;2;70;9;92m▀[0m[38;2;68;1;84;48;2;72;23;105m▀[0m[38;2;68;3;86;48;2;68;3;86m▀[0m[38;2;68;2;85;48;2;72;24;106m▀[0m[38;2;72;19;101;48;2;69;4;87m▀[0m[38;2;71;14;97;48;2;71;17;100m▀[0m[38;2;69;7;90;48;2;71;17;99m▀[0m[38;2;69;5;88;48;2;72;19;101m▀[0m[38;2;72;29;111;48;2;68;2;85m▀[0m[38;2;70;9;92;48;2;69;6;89m▀[0m[38;2;70;7;90;48;2;71;16;98m▀[0m[38;2;68;1;84;48;2;72;27;108m▀[0m[38;2;71;15;98;48;2;71;14;97m▀[0m[38;2;68;1;84;48;2;70;8;91m▀[0m[38;2;71;13;96;48;2;72;20;103m▀[0m[38;2;70;10;93;48;2;68;1;84m▀[0m[38;2;72;22;104;48;2;71;16;99m▀[0m[38;2;72;20;102;48;2;71;16;99m▀[0m[38;2;69;4;87;48;2;71;12;95m▀[0m[38;2;70;11;94;48;2;71;16;99m▀[0m[38;2;71;17;100;48;2;72;27;109m▀[0m[38;2;71;16;98;48;2;69;3;86m▀[0m[38;2;69;4;87;48;2;69;5;88m▀[0m[38;2;69;7;90;48;2;70;9;92m▀[0m[38;2;71;14;97;48;2;69;5;88m▀[0m[38;2;72;25;107;48;2;70;7;90m▀[0m[38;2;68;1;84;48;2;68;1;84m▀[0m[38;2;69;5;88;48;2;70;9;92m▀[0m[38;2;71;13;96;48;2;70;9;92m▀[0m[38;2;68;1;84;48;2;68;1;84m▀[0m[38;2;71;12;95;48;2;70;10;93m▀[0m[38;2;70;8;91;48;2;70;7;90m▀[0m[38;2;70;8;91;48;2;71;12;95m▀[0m[38;2;71;17;100;48;2;69;4;87m▀[0m[38;2;71;11;94;48;2;68;2;85m▀[0m[38;2;68;1;84;48;2;71;15;98m▀[0m[38;2;72;19;101;48;2;71;18;100m▀[0m[38;2;72;25;107;48;2;71;16;99m▀[0m[38;2;70;8;91;48;2;71;15;98m▀[0m[38;2;71;12;95;48;2;72;33;114m▀[0m[38;2;72;26;108;48;2;71;18;100m▀[0m[38;2;70;9;92;48;2;68;1;84m▀[0m[38;2;72;20;103;48;2;72;21;103m▀[0m[38;2;69;7;90;48;2;72;25;107m▀[0m[38;2;69;6;89;48;2;71;16;98m▀[0m[38;2;72;33;115;48;2;72;23;105m▀[0m[38;2;72;19;101;48;2;72;28;109m▀[0m[38;2;72;24;106;48;2;71;13;96m▀[0m[38;2;71;14;97;48;2;69;6;89m▀[0m[38;2;70;8;91;48;2;69;6;89m▀[0m[38;2;70;8;91;48;2;71;15;98m▀[0m[38;2;71;18;101;48;2;70;10;93m▀[0m[38;2;71;12;95;48;2;70;8;91m▀[0m[38;2;69;5;88;48;2;68;2;85m▀[0m[38;2;69;6;89;48;2;71;14;97m▀[0m[38;2;69;7;90;48;2;72;21;104m▀[0m[38;2;68;1;84;48;2;72;23;105m▀[0m[38;2;72;28;110;48;2;69;6;89m▀[0m[38;2;71;12;95;48;2;71;13;96m▀[0m[38;2;70;9;92;48;2;72;22;104m▀[0m[38;2;71;18;101;48;2;69;6;89m▀[0m[38;2;69;4;87;48;2;69;6;89m▀[0m[38;2;72;19;102;48;2;69;3;86m▀[0m[38;2;68;2;85;48;2;69;4;87m▀[0m[38;2;71;14;97;48;2;68;2;85m▀[0m[38;2;71;16;99;48;2;71;15;98m▀[0m[38;2;70;11;94;48;2;69;4;87m▀[0m[38;2;71;11;94;48;2;72;21;104m▀[0m[38;2;70;9;92;48;2;69;6;89m▀[0m[38;2;71;15;97;48;2;70;9;92m▀[0m[38;2;70;8;91;48;2;68;1;84m▀[0m[38;2;69;5;88;48;2;68;2;85m▀[0m[38;2;71;13;96;48;2;71;16;99m▀[0m[38;2;70;7;90;48;2;68;1;84m▀[0m[38;2;71;17;99;48;2;71;11;94m▀[0m[38;2;72;27;109;48;2;71;13;96m▀[0m[38;2;68;1;84;48;2;72;26;108m▀[0m[38;2;72;27;109;48;2;70;7;90m▀[0m[38;2;68;3;86;48;2;71;12;95m▀[0m[38;2;68;1;84;48;2;71;18;100m▀[0m[38;2;72;19;101;48;2;71;15;98m▀[0m[38;2;72;21;104;48;2;71;11;94m▀[0m[38;2;68;1;84;48;2;69;3;86m▀[0m
[2m  -0.064 [0m[38;2;71;17;100;48;2;69;6;89m▀[0m[38;2;68;2;85;48;2;72;22;104m▀[0m[38;2;68;1;84;48;2;70;9;92m▀[0m[38;2;72;27;109;48;2;70;8;91m▀[0m[38;2;72;25;107;48;2;71;12;95m▀[0m[38;2;71;14;97;48;2;72;26;108m▀[0m[38;2;71;11;94;48;2;72;24;106m▀[0m[38;2;69;5;88;48;2;69;3;86m▀[0m[38;2;71;14;97;48;2;72;23;105m▀[0m[38;2;70;9;92;48;2;71;13;96m▀[0m[38;2;72;24;106;48;2;71;15;98m▀[0m[38;2;70;10;93;48;2;71;16;99m▀[0m[38;2;71;17;99;48;2;72;30;112m▀[0m[38;2;69;4;87;48;2;71;16;99m▀[0m[38;2;69;4;87;48;2;69;5;88m▀[0m[38;2;68;1;84;48;2;70;11;94m▀[0m[38;2;69;7;90;48;2;71;13;96m▀[0m[38;2;72;24;106;48;2;71;14;97m▀[0m[38;2;71;11;94;48;2;72;34;115m▀[0m[38;2;71;15;98;48;2;70;8;91m▀[0m[38;2;71;14;97;48;2;71;16;99m▀[0m[38;2;71;18;101;48;2;71;13;96m▀[0m[38;2;68;1;84;48;2;68;1;84m▀[0m[38;2;72;21;103;48;2;69;7;90m▀[0m[38;2;72;25;106;48;2;68;1;84m▀[0m[38;2;71;17;99;48;2;71;11;94m▀[0m[38;2;72;24;106;48;2;71;14;97m▀[0m[38;2;68;1;84;48;2;72;24;106m▀[0m[38;2;71;12;95;48;2;71;17;100m▀[0m[38;2;71;17;100;48;2;71;15;98m▀[0m[38;2;71;17;100;48;2;72;20;103m▀[0m[38;2;72;23;105;48;2;72;22;104m▀[0m[38;2;71;14;97;48;2;70;10;93m▀[0m[38;2;68;3;86;48;2;70;10;93m▀[0m[38;2;70;8;91;48;2;71;13;96m▀[0m[38;2;71;17;99;48;2;71;12;95m▀[0m[38;2;71;15;98;48;2;70;10;93m▀[0m[38;2;69;6;89;48;2;71;18;101m▀[0m[38;2;70;7;90;48;2;71;18;100m▀[0m[38;2;69;6;89;48;2;69;5;88m▀[0m[38;2;68;1;84;48;2;69;4;87m▀[0m[38;2;71;13;96;48;2;70;8;91m▀[0m[38;2;72;23;105;48;2;70;8;91m▀[0m[38;2;71;17;100;48;2;71;13;96m▀[0m[38;2;70;7;90;48;2;72;24;106m▀[0m[38;2;71;18;101;48;2;69;6;89m▀[0m[38;2;68;2;85;48;2;71;17;100m▀[0m[38;2;72;20;102;48;2;72;20;103m▀[0m[38;2;72;19;102;48;2;71;15;98m▀[0m[38;2;71;17;100;48;2;72;27;108m▀[0m[38;2;71;44;122;48;2;70;9;92m▀[0m[38;2;69;5;88;48;2;70;11;94m▀[0m[38;2;72;22;104;48;2;69;5;88m▀[0m[38;2;70;8;91;48;2;71;15;97m▀[0m[38;2;72;26;108;48;2;71;13;96m▀[0m[38;2;71;16;98;48;2;72;26;108m▀[0m[38;2;69;4;87;48;2;68;3;86m▀[0m[38;2;71;13;96;48;2;69;7;90m▀[0m[38;2;72;25;107;48;2;71;16;98m▀[0m[38;2;68;1;84;48;2;72;23;105m▀[0m[38;2;72;21;104;48;2;70;10;93m▀[0m[38;2;72;34;115;48;2;71;12;95m▀[0m[38;2;69;4;87;48;2;70;11;94m▀[0m[38;2;72;25;107;48;2;70;9;92m▀[0m[38;2;70;9;92;48;2;71;15;98m▀[0m[38;2;72;19;101;48;2;69;6;89m▀[0m[38;2;68;1;84;48;2;71;15;97m▀[0m[38;2;68;1;84;48;2;72;21;103m▀[0m[38;2;69;4;87;48;2;70;8;91m▀[0m[38;2;71;18;100;48;2;72;19;101m▀[0m[38;2;72;19;101;48;2;72;20;103m▀[0m[38;2;68;2;85;48;2;70;7;90m▀[0m[38;2;71;17;100;48;2;68;3;86m▀[0m[38;2;70;7;90;48;2;72;20;102m▀[0m[38;2;72;19;102;48;2;71;17;99m▀[0m[38;2;71;18;101;48;2;71;11;94m▀[0m[38;2;71;13;96;48;2;71;17;100m▀[0m[38;2;71;18;101;48;2;72;28;110m▀[0m[38;2;69;5;88;48;2;69;3;86m▀[0m[38;2;68;1;84;48;2;71;16;99m▀[0m[38;2;71;17;99;48;2;72;22;104m▀[0m[38;2;68;1;84;48;2;70;11;94m▀[0m[38;2;71;14;97;48;2;69;7;90m▀[0m[38;2;69;4;87;48;2;70;8;91m▀[0m[38;2;68;2;85;48;2;70;9;92m▀[0m[38;2;71;17;99;48;2;71;15;98m▀[0m[38;2;69;7;90;48;2;71;16;99m▀[0m[38;2;71;14;97;48;2;69;7;90m▀[0m[38;2;71;12;95;48;2;69;6;89m▀[0m[38;2;69;3;86;48;2;71;11;94m▀[0m
[2m  -0.107 [0m[38;2;72;26;108;48;2;71;11;94m▀[0m[38;2;69;6;89;48;2;70;8;91m▀[0m[38;2;71;16;98;48;2;70;9;92m▀[0m[38;2;71;12;95;48;2;71;16;99m▀[0m[38;2;69;6;89;48;2;71;13;96m▀[0m[38;2;72;23;105;48;2;68;2;85m▀[0m[38;2;71;15;98;48;2;70;11;94m▀[0m[38;2;69;5;88;48;2;68;1;84m▀[0m[38;2;71;12;95;48;2;69;6;89m▀[0m[38;2;69;4;87;48;2;69;5;88m▀[0m[38;2;68;2;85;48;2;72;19;102m▀[0m[38;2;71;16;98;48;2;70;9;92m▀[0m[38;2;69;4;87;48;2;71;11;94m▀[0m[38;2;71;15;98;48;2;72;29;111m▀[0m[38;2;72;22;104;48;2;72;22;104m▀[0m[38;2;71;14;97;48;2;72;19;102m▀[0m[38;2;71;12;95;48;2;68;2;85m▀[0m[38;2;71;16;98;48;2;72;20;103m▀[0m[38;2;71;11;94;48;2;72;24;106m▀[0m[38;2;68;1;84;48;2;68;1;84m▀[0m[38;2;71;12;95;48;2;70;7;90m▀[0m[38;2;72;23;105;48;2;71;14;97m▀[0m[38;2;71;13;96;48;2;69;5;88m▀[0m[38;2;70;8;91;48;2;71;11;94m▀[0m[38;2;69;3;86;48;2;69;6;89m▀[0m[38;2;71;12;95;48;2;71;18;100m▀[0m[38;2;70;7;90;48;2;69;3;86m▀[0m[38;2;70;11;94;48;2;72;24;106m▀[0m[38;2;68;1;84;48;2;70;7;90m▀[0m[38;2;71;18;100;48;2;71;18;101m▀[0m[38;2;70;10;93;48;2;70;10;93m▀[0m[38;2;68;1;84;48;2;69;7;90m▀[0m[38;2;71;13;96;48;2;72;24;106m▀[0m[38;2;71;12;95;48;2;70;11;94m▀[0m[38;2;72;19;101;48;2;70;7;90m▀[0m[38;2;70;9;92;48;2;69;4;87m▀[0m[38;2;69;6;89;48;2;70;9;92m▀[0m[38;2;68;1;84;48;2;69;6;89m▀[0m[38;2;68;1;84;48;2;72;23;105m▀[0m[38;2;69;3;86;48;2;69;5;88m▀[0m[38;2;71;12;95;48;2;69;3;86m▀[0m[38;2;71;12;95;48;2;72;25;107m▀[0m[38;2;71;15;98;48;2;72;35;116m▀[0m[38;2;72;25;107;48;2;70;9;92m▀[0m[38;2;69;4;87;48;2;72;19;102m▀[0m[38;2;68;2;85;48;2;68;1;84m▀[0m[38;2;70;8;91;48;2;69;6;89m▀[0m[38;2;69;4;87;48;2;71;12;95m▀[0m[38;2;70;11;94;48;2;71;18;101m▀[0m[38;2;71;12;95;48;2;69;7;90m▀[0m[38;2;71;12;95;48;2;72;19;102m▀[0m[38;2;68;1;84;48;2;71;15;98m▀[0m[38;2;71;14;97;48;2;70;9;92m▀[0m[38;2;70;10;93;48;2;69;6;89m▀[0m[38;2;69;7;90;48;2;68;2;85m▀[0m[38;2;71;13;96;48;2;71;14;97m▀[0m[38;2;69;5;88;48;2;70;8;91m▀[0m[38;2;70;9;92;48;2;71;14;97m▀[0m[38;2;72;20;103;48;2;70;10;93m▀[0m[38;2;68;1;84;48;2;72;22;104m▀[0m[38;2;68;3;86;48;2;71;13;96m▀[0m[38;2;69;6;89;48;2;69;7;90m▀[0m[38;2;68;3;86;48;2;71;14;97m▀[0m[38;2;69;4;87;48;2;70;9;92m▀[0m[38;2;71;17;99;48;2;70;7;90m▀[0m[38;2;70;7;90;48;2;71;12;95m▀[0m[38;2;72;32;113;48;2;70;10;93m▀[0m[38;2;71;11;94;48;2;71;12;95m▀[0m[38;2;72;21;103;48;2;68;1;84m▀[0m[38;2;71;16;99;48;2;70;10;93m▀[0m[38;2;72;20;102;48;2;71;15;98m▀[0m[38;2;72;20;102;48;2;70;8;91m▀[0m[38;2;68;1;84;48;2;72;23;105m▀[0m[38;2;70;9;92;48;2;70;8;91m▀[0m[38;2;68;1;84;48;2;70;8;91m▀[0m[38;2;71;14;97;48;2;72;24;106m▀[0m[38;2;69;4;87;48;2;72;23;105m▀[0m[38;2;69;4;87;48;2;71;11;94m▀[0m[38;2;72;28;109;48;2;71;11;94m▀[0m[38;2;72;32;114;48;2;70;10;93m▀[0m[38;2;71;18;100;48;2;69;5;88m▀[0m[38;2;71;18;101;48;2;71;13;96m▀[0m[38;2;70;8;91;48;2;69;6;89m▀[0m[38;2;71;11;94;48;2;71;13;96m▀[0m[38;2;70;7;90;48;2;71;18;101m▀[0m[38;2;71;18;101;48;2;71;11;94m▀[0m[38;2;70;10;93;48;2;70;10;93m▀[0m[38;2;71;17;100;48;2;69;6;89m▀[0m[38;2;71;14;97;48;2;71;17;99m▀[0m[38;2;70;9;92;48;2;72;22;104m▀[0m
[2m  -0.149 [0m[38;2;71;12;95;48;2;71;16;98m▀[0m[38;2;72;21;103;48;2;70;8;91m▀[0m[38;2;71;18;101;48;2;72;22;104m▀[0m[38;2;71;17;100;48;2;68;1;84m▀[0m[38;2;70;7;90;48;2;31;160;135m▀[0m[38;2;72;23;105;48;2;34;166;133m▀[0m[38;2;72;19;101;48;2;42;175;127m▀[0m[38;2;71;16;99;48;2;56;185;119m▀[0m[38;2;71;18;101;48;2;76;195;108m▀[0m[38;2;68;1;84;48;2;83;197;104m▀[0m[38;2;72;22;104;48;2;56;185;119m▀[0m[38;2;72;20;102;48;2;56;185;119m▀[0m[38;2;72;27;108;48;2;60;187;117m▀[0m[38;2;71;16;98;48;2;53;183;120m▀[0m[38;2;70;8;91;48;2;95;201;97m▀[0m[38;2;70;8;91;48;2;34;165;133m▀[0m[38;2;69;5;88;48;2;65;189;114m▀[0m[38;2;71;15;98;48;2;68;191;112m▀[0m[38;2;72;19;101;48;2;53;183;120m▀[0m[38;2;71;18;101;48;2;46;179;124m▀[0m[38;2;71;17;100;48;2;60;187;117m▀[0m[38;2;71;11;94;48;2;48;180;123m▀[0m[38;2;68;3;86;48;2;63;188;115m▀[0m[38;2;70;8;91;48;2;65;189;114m▀[0m[38;2;71;16;99;48;2;67;191;113m▀[0m[38;2;70;10;93;48;2;46;179;124m▀[0m[38;2;71;15;97;48;2;65;190;114m▀[0m[38;2;72;34;115;48;2;80;196;105m▀[0m[38;2;71;13;96;48;2;79;196;106m▀[0m[38;2;70;10;93;48;2;50;181;122m▀[0m[38;2;68;1;84;48;2;79;196;106m▀[0m[38;2;72;25;107;48;2;61;188;116m▀[0m[38;2;72;24;106;48;2;68;191;113m▀[0m[38;2;70;8;91;48;2;71;193;110m▀[0m[38;2;72;21;103;48;2;69;191;112m▀[0m[38;2;71;15;98;48;2;68;191;112m▀[0m[38;2;72;27;109;48;2;82;197;104m▀[0m[38;2;69;4;87;48;2;51;182;121m▀[0m[38;2;72;32;113;48;2;75;194;108m▀[0m[38;2;71;18;101;48;2;50;181;122m▀[0m[38;2;70;10;93;48;2;37;171;130m▀[0m[38;2;69;5;88;48;2;71;12;95m▀[0m[38;2;71;11;94;48;2;71;12;95m▀[0m[38;2;70;8;91;48;2;70;8;91m▀[0m[38;2;72;20;102;48;2;71;15;97m▀[0m[38;2;72;20;103;48;2;70;10;93m▀[0m[38;2;70;7;90;48;2;72;25;107m▀[0m[38;2;71;18;100;48;2;69;6;89m▀[0m[38;2;71;16;98;48;2;71;16;99m▀[0m[38;2;71;15;97;48;2;71;16;98m▀[0m[38;2;69;7;90;48;2;70;9;92m▀[0m[38;2;71;18;101;48;2;71;18;101m▀[0m[38;2;72;21;103;48;2;71;12;95m▀[0m[38;2;72;24;106;48;2;70;10;93m▀[0m[38;2;71;14;97;48;2;69;4;87m▀[0m[38;2;71;15;98;48;2;72;19;102m▀[0m[38;2;70;8;91;48;2;69;6;89m▀[0m[38;2;70;8;91;48;2;68;1;84m▀[0m[38;2;69;3;86;48;2;68;1;84m▀[0m[38;2;72;19;101;48;2;71;14;97m▀[0m[38;2;70;9;92;48;2;70;9;92m▀[0m[38;2;71;11;94;48;2;68;1;84m▀[0m[38;2;69;4;87;48;2;70;10;93m▀[0m[38;2;68;1;84;48;2;69;7;90m▀[0m[38;2;71;12;95;48;2;69;4;87m▀[0m[38;2;71;18;100;48;2;71;13;96m▀[0m[38;2;71;16;99;48;2;71;13;96m▀[0m[38;2;69;5;88;48;2;71;16;99m▀[0m[38;2;68;2;85;48;2;68;1;84m▀[0m[38;2;70;9;92;48;2;72;19;102m▀[0m[38;2;72;23;105;48;2;69;4;87m▀[0m[38;2;68;1;84;48;2;69;6;89m▀[0m[38;2;72;20;103;48;2;72;22;104m▀[0m[38;2;71;18;101;48;2;71;17;99m▀[0m[38;2;68;3;86;48;2;72;28;109m▀[0m[38;2;71;14;97;48;2;71;14;97m▀[0m[38;2;69;6;89;48;2;72;21;103m▀[0m[38;2;71;13;96;48;2;72;20;102m▀[0m[38;2;69;7;90;48;2;71;18;100m▀[0m[38;2;71;17;100;48;2;71;16;98m▀[0m[38;2;68;1;84;48;2;68;1;84m▀[0m[38;2;70;9;92;48;2;72;19;101m▀[0m[38;2;71;14;97;48;2;71;12;95m▀[0m[38;2;71;16;99;48;2;71;18;101m▀[0m[38;2;69;4;87;48;2;68;3;86m▀[0m[38;2;70;7;90;48;2;71;16;99m▀[0m[38;2;72;26;108;48;2;71;14;97m▀[0m[38;2;70;8;91;48;2;71;17;99m▀[0m[38;2;68;1;84;48;2;69;7;90m▀[0m[38;2;71;15;98;48;2;71;17;100m▀[0m
[2m  -0.192 [0m[38;2;68;1;84;48;2;71;17;100m▀[0m[38;2;71;14;97;48;2;70;7;90m▀[0m[38;2;71;15;98;48;2;68;1;84m▀[0m[38;2;69;6;89;48;2;70;9;92m▀[0m[38;2;95;201;97;48;2;92;200;99m▀[0m[38;2;101;203;94;48;2;128;211;77m▀[0m[38;2;85;198;103;48;2;119;208;83m▀[0m[38;2;91;200;99;48;2;97;202;96m▀[0m[38;2;132;212;75;48;2;86;198;102m▀[0m[38;2;108;205;90;48;2;102;203;93m▀[0m[38;2;94;201;98;48;2;100;203;94m▀[0m[38;2;98;202;96;48;2;85;198;102m▀[0m[38;2;91;200;100;48;2;94;201;97m▀[0m[38;2;110;206;89;48;2;111;206;88m▀[0m[38;2;86;198;102;48;2;87;199;101m▀[0m[38;2;135;213;73;48;2;100;203;95m▀[0m[38;2;117;208;84;48;2;115;207;86m▀[0m[38;2;83;197;104;48;2;102;203;94m▀[0m[38;2;108;205;90;48;2;128;211;78m▀[0m[38;2;98;202;95;48;2;111;206;88m▀[0m[38;2;111;206;88;48;2;103;204;93m▀[0m[38;2;97;202;96;48;2;99;202;95m▀[0m[38;2;98;202;96;48;2;124;210;80m▀[0m[38;2;91;200;99;48;2;76;195;107m▀[0m[38;2;123;210;80;48;2;104;204;92m▀[0m[38;2;139;213;70;48;2;110;206;89m▀[0m[38;2;110;206;88;48;2;134;212;74m▀[0m[38;2;88;199;101;48;2;94;201;98m▀[0m[38;2;119;208;83;48;2;85;198;103m▀[0m[38;2;103;203;93;48;2;101;203;94m▀[0m[38;2;102;203;94;48;2;89;199;100m▀[0m[38;2;104;204;92;48;2;104;204;92m▀[0m[38;2;105;204;92;48;2;126;211;78m▀[0m[38;2;110;206;89;48;2;86;198;102m▀[0m[38;2;107;205;90;48;2;109;205;89m▀[0m[38;2;120;209;82;48;2;110;206;89m▀[0m[38;2;92;200;99;48;2;94;201;98m▀[0m[38;2;86;198;102;48;2;99;202;95m▀[0m[38;2;91;200;99;48;2;97;202;96m▀[0m[38;2;107;205;90;48;2;130;212;76m▀[0m[38;2;96;201;97;48;2;105;204;92m▀[0m[38;2;70;8;91;48;2;71;12;95m▀[0m[38;2;69;5;88;48;2;72;26;108m▀[0m[38;2;70;10;93;48;2;71;12;95m▀[0m[38;2;71;12;95;48;2;71;12;95m▀[0m[38;2;72;33;115;48;2;71;15;98m▀[0m[38;2;71;16;99;48;2;68;1;84m▀[0m[38;2;71;12;95;48;2;72;20;102m▀[0m[38;2;70;11;94;48;2;71;15;98m▀[0m[38;2;72;25;107;48;2;71;11;94m▀[0m[38;2;72;30;112;48;2;70;10;93m▀[0m[38;2;70;9;92;48;2;71;14;97m▀[0m[38;2;72;34;115;48;2;72;25;107m▀[0m[38;2;68;1;84;48;2;69;6;89m▀[0m[38;2;69;6;89;48;2;71;15;98m▀[0m[38;2;71;17;100;48;2;70;8;91m▀[0m[38;2;70;10;93;48;2;69;7;90m▀[0m[38;2;70;7;90;48;2;68;1;84m▀[0m[38;2;72;20;103;48;2;71;15;98m▀[0m[38;2;71;18;100;48;2;68;1;84m▀[0m[38;2;71;15;97;48;2;70;10;93m▀[0m[38;2;68;1;84;48;2;71;13;96m▀[0m[38;2;68;1;84;48;2;68;1;84m▀[0m[38;2;72;21;103;48;2;72;20;102m▀[0m[38;2;71;18;101;48;2;72;23;105m▀[0m[38;2;72;19;101;48;2;71;15;98m▀[0m[38;2;70;8;91;48;2;71;13;96m▀[0m[38;2;70;9;92;48;2;69;4;87m▀[0m[38;2;71;16;99;48;2;71;15;98m▀[0m[38;2;71;15;98;48;2;72;20;102m▀[0m[38;2;68;1;84;48;2;70;9;92m▀[0m[38;2;72;34;115;48;2;69;4;87m▀[0m[38;2;71;17;99;48;2;72;26;108m▀[0m[38;2;71;16;99;48;2;71;14;97m▀[0m[38;2;69;5;88;48;2;71;16;99m▀[0m[38;2;71;14;97;48;2;68;3;86m▀[0m[38;2;71;12;95;48;2;71;13;96m▀[0m[38;2;72;20;102;48;2;72;28;110m▀[0m[38;2;71;12;95;48;2;70;9;92m▀[0m[38;2;71;17;100;48;2;68;1;84m▀[0m[38;2;68;1;84;48;2;72;19;101m▀[0m[38;2;69;6;89;48;2;68;1;84m▀[0m[38;2;70;7;90;48;2;70;10;93m▀[0m[38;2;70;10;93;48;2;72;22;104m▀[0m[38;2;71;16;99;48;2;71;13;96m▀[0m[38;2;72;29;110;48;2;71;12;95m▀[0m[38;2;71;11;94;48;2;69;7;90m▀[0m[38;2;72;28;110;48;2;71;13;96m▀[0m[38;2;72;21;103;48;2;71;13;96m▀[0m[38;2;71;14;97;48;2;71;18;101m▀[0m
[2m  -0.235 [0m[38;2;71;16;98;48;2;71;12;95m▀[0m[38;2;70;9;92;48;2;71;17;99m▀[0m[38;2;72;19;101;48;2;71;11;94m▀[0m[38;2;72;22;104;48;2;72;21;103m▀[0m[38;2;94;201;98;48;2;32;161;135m▀[0m[38;2;96;201;97;48;2;34;166;133m▀[0m[38;2;84;198;103;48;2;36;170;130m▀[0m[38;2;88;199;101;48;2;43;176;126m▀[0m[38;2;133;212;74;48;2;31;161;135m▀[0m[38;2;106;204;91;48;2;36;170;131m▀[0m[38;2;98;202;95;48;2;34;166;132m▀[0m[38;2;99;202;95;48;2;55;184;120m▀[0m[38;2;87;198;102;48;2;30;157;137m▀[0m[38;2;99;202;95;48;2;31;160;135m▀[0m[38;2;98;202;96;48;2;31;160;135m▀[0m[38;2;135;213;73;48;2;30;157;137m▀[0m[38;2;90;199;100;48;2;36;170;131m▀[0m[38;2;84;198;103;48;2;34;166;133m▀[0m[38;2;94;201;98;48;2;30;158;136m▀[0m[38;2;76;195;108;48;2;32;162;134m▀[0m[38;2;111;206;88;48;2;35;168;132m▀[0m[38;2;84;197;103;48;2;30;153;138m▀[0m[38;2;96;201;96;48;2;34;166;133m▀[0m[38;2;91;200;99;48;2;37;171;130m▀[0m[38;2;124;210;80;48;2;31;159;136m▀[0m[38;2;138;213;71;48;2;31;161;135m▀[0m[38;2;93;201;98;48;2;31;159;136m▀[0m[38;2;89;199;101;48;2;30;155;137m▀[0m[38;2;119;209;83;48;2;30;154;138m▀[0m[38;2;80;196;105;48;2;32;162;134m▀[0m[38;2;101;203;94;48;2;43;176;126m▀[0m[38;2;103;204;93;48;2;34;167;132m▀[0m[38;2;105;204;92;48;2;38;172;130m▀[0m[38;2;110;206;89;48;2;36;169;131m▀[0m[38;2;102;203;93;48;2;33;164;134m▀[0m[38;2;121;209;82;48;2;37;171;130m▀[0m[38;2;83;197;104;48;2;34;166;133m▀[0m[38;2;87;199;102;48;2;47;180;123m▀[0m[38;2;92;200;99;48;2;31;158;136m▀[0m[38;2;107;205;91;48;2;31;160;135m▀[0m[38;2;78;195;106;48;2;31;151;139m▀[0m[38;2;70;8;91;48;2;68;1;84m▀[0m[38;2;71;12;95;48;2;71;11;94m▀[0m[38;2;68;1;84;48;2;72;21;103m▀[0m[38;2;71;14;97;48;2;70;7;90m▀[0m[38;2;68;1;84;48;2;70;10;93m▀[0m[38;2;68;2;85;48;2;70;9;92m▀[0m[38;2;71;11;94;48;2;69;4;87m▀[0m[38;2;69;6;89;48;2;69;7;90m▀[0m[38;2;70;10;93;48;2;68;3;86m▀[0m[38;2;68;3;86;48;2;71;12;95m▀[0m[38;2;69;6;89;48;2;68;1;84m▀[0m[38;2;68;1;84;48;2;68;1;84m▀[0m[38;2;68;1;84;48;2;72;19;101m▀[0m[38;2;70;9;92;48;2;71;17;99m▀[0m[38;2;69;5;88;48;2;68;2;85m▀[0m[38;2;71;11;94;48;2;71;14;97m▀[0m[38;2;71;16;99;48;2;70;10;93m▀[0m[38;2;71;14;97;48;2;70;8;91m▀[0m[38;2;72;26;108;48;2;72;22;104m▀[0m[38;2;71;14;97;48;2;71;18;100m▀[0m[38;2;72;21;103;48;2;70;7;90m▀[0m[38;2;72;23;105;48;2;71;16;99m▀[0m[38;2;71;12;95;48;2;68;1;84m▀[0m[38;2;72;20;102;48;2;70;10;93m▀[0m[38;2;71;12;95;48;2;70;10;93m▀[0m[38;2;69;6;89;48;2;70;10;93m▀[0m[38;2;71;12;95;48;2;70;9;92m▀[0m[38;2;69;5;88;48;2;71;14;97m▀[0m[38;2;68;1;84;48;2;70;8;91m▀[0m[38;2;71;11;94;48;2;70;9;92m▀[0m[38;2;68;3;86;48;2;70;10;93m▀[0m[38;2;68;1;84;48;2;71;15;98m▀[0m[38;2;69;3;86;48;2;72;19;102m▀[0m[38;2;70;11;94;48;2;71;13;96m▀[0m[38;2;70;8;91;48;2;71;15;98m▀[0m[38;2;71;16;99;48;2;70;10;93m▀[0m[38;2;69;5;88;48;2;69;5;88m▀[0m[38;2;71;11;94;48;2;70;10;93m▀[0m[38;2;69;4;87;48;2;71;18;101m▀[0m[38;2;71;18;100;48;2;70;9;92m▀[0m[38;2;68;2;85;48;2;71;15;97m▀[0m[38;2;71;14;97;48;2;71;15;98m▀[0m[38;2;70;9;92;48;2;71;18;100m▀[0m[38;2;71;14;97;48;2;71;15;98m▀[0m[38;2;69;6;89;48;2;71;15;98m▀[0m[38;2;71;14;97;48;2;69;7;90m▀[0m[38;2;71;11;94;48;2;72;21;103m▀[0m[38;2;68;1;84;48;2;68;1;84m▀[0m[38;2;72;20;102;48;2;71;13;96m▀[0m
[2m  -0.278 [0m[38;2;70;11;94;48;2;72;21;103m▀[0m[38;2;71;17;100;48;2;72;22;104m▀[0m[38;2;70;7;90;48;2;70;8;91m▀[0m[38;2;71;12;95;48;2;68;1;84m▀[0m[38;2;72;20;102;48;2;70;10;93m▀[0m[38;2;71;16;99;48;2;71;18;100m▀[0m[38;2;68;2;85;48;2;71;13;96m▀[0m[38;2;71;12;95;48;2;72;22;104m▀[0m[38;2;71;15;98;48;2;71;14;97m▀[0m[38;2;71;17;99;48;2;68;1;84m▀[0m[38;2;70;11;94;48;2;71;13;96m▀[0m[38;2;72;23;105;48;2;69;4;87m▀[0m[38;2;68;3;86;48;2;71;13;96m▀[0m[38;2;68;3;86;48;2;70;9;92m▀[0m[38;2;70;11;94;48;2;70;7;90m▀[0m[38;2;71;12;95;48;2;72;28;110m▀[0m[38;2;70;10;93;48;2;71;14;97m▀[0m[38;2;72;31;112;48;2;71;16;99m▀[0m[38;2;70;11;94;48;2;71;11;94m▀[0m[38;2;71;16;98;48;2;70;8;91m▀[0m[38;2;71;14;97;48;2;71;15;97m▀[0m[38;2;71;12;95;48;2;71;15;98m▀[0m[38;2;72;20;102;48;2;68;1;84m▀[0m[38;2;68;1;84;48;2;71;17;99m▀[0m[38;2;69;6;89;48;2;71;12;95m▀[0m[38;2;71;16;99;48;2;69;6;89m▀[0m[38;2;72;26;108;48;2;68;1;84m▀[0m[38;2;70;11;94;48;2;68;1;84m▀[0m[38;2;68;1;84;48;2;71;18;101m▀[0m[38;2;71;15;98;48;2;68;1;84m▀[0m[38;2;70;7;90;48;2;72;22;104m▀[0m[38;2;71;17;99;48;2;71;12;95m▀[0m[38;2;69;6;89;48;2;72;20;102m▀[0m[38;2;69;7;90;48;2;72;19;101m▀[0m[38;2;71;16;99;48;2;72;23;105m▀[0m[38;2;70;7;90;48;2;70;10;93m▀[0m[38;2;72;24;106;48;2;71;16;99m▀[0m[38;2;70;7;90;48;2;69;6;89m▀[0m[38;2;71;16;99;48;2;71;11;94m▀[0m[38;2;69;4;87;48;2;71;18;100m▀[0m[38;2;70;10;93;48;2;70;8;91m▀[0m[38;2;70;10;93;48;2;72;22;104m▀[0m[38;2;71;18;100;48;2;71;18;101m▀[0m[38;2;70;9;92;48;2;68;1;84m▀[0m[38;2;71;13;96;48;2;72;23;105m▀[0m[38;2;72;22;104;48;2;72;19;101m▀[0m[38;2;71;18;101;48;2;70;10;93m▀[0m[38;2;70;7;90;48;2;72;25;107m▀[0m[38;2;68;1;84;48;2;69;4;87m▀[0m[38;2;69;7;90;48;2;70;8;91m▀[0m[38;2;68;1;84;48;2;71;17;100m▀[0m[38;2;71;18;100;48;2;71;12;95m▀[0m[38;2;68;2;85;48;2;71;12;95m▀[0m[38;2;69;6;89;48;2;70;10;93m▀[0m[38;2;68;2;85;48;2;72;20;102m▀[0m[38;2;71;12;95;48;2;69;4;87m▀[0m[38;2;71;15;98;48;2;71;17;100m▀[0m[38;2;68;1;84;48;2;70;11;94m▀[0m[38;2;68;2;85;48;2;71;15;98m▀[0m[38;2;70;7;90;48;2;70;8;91m▀[0m[38;2;68;1;84;48;2;71;15;98m▀[0m[38;2;72;26;108;48;2;71;13;96m▀[0m[38;2;71;14;97;48;2;70;9;92m▀[0m[38;2;71;11;94;48;2;70;10;93m▀[0m[38;2;69;5;88;48;2;71;15;98m▀[0m[38;2;71;15;98;48;2;68;1;84m▀[0m[38;2;72;21;103;48;2;71;18;101m▀[0m[38;2;69;7;90;48;2;71;16;98m▀[0m[38;2;69;7;90;48;2;70;7;90m▀[0m[38;2;72;24;106;48;2;70;11;94m▀[0m[38;2;71;16;98;48;2;71;17;100m▀[0m[38;2;71;16;99;48;2;71;12;95m▀[0m[38;2;71;12;95;48;2;71;12;95m▀[0m[38;2;69;6;89;48;2;72;19;101m▀[0m[38;2;71;15;98;48;2;68;1;84m▀[0m[38;2;71;15;98;48;2;71;13;96m▀[0m[38;2;71;17;100;48;2;71;14;97m▀[0m[38;2;70;11;94;48;2;70;8;91m▀[0m[38;2;69;6;89;48;2;70;11;94m▀[0m[38;2;72;20;102;48;2;71;13;96m▀[0m[38;2;72;20;102;48;2;72;19;102m▀[0m[38;2;72;21;103;48;2;69;6;89m▀[0m[38;2;71;18;101;48;2;70;11;94m▀[0m[38;2;69;6;89;48;2;72;24;106m▀[0m[38;2;71;16;98;48;2;68;1;84m▀[0m[38;2;70;7;90;48;2;68;1;84m▀[0m[38;2;71;13;96;48;2;71;15;98m▀[0m[38;2;69;6;89;48;2;68;2;85m▀[0m[38;2;71;12;95;48;2;69;4;87m▀[0m[38;2;69;4;87;48;2;71;18;101m▀[0m
[2m  -0.320 [0m[38;2;71;13;96;48;2;72;20;103m▀[0m[38;2;71;16;99;48;2;69;6;89m▀[0m[38;2;71;14;97;48;2;69;5;88m▀[0m[38;2;71;18;101;48;2;70;10;93m▀[0m[38;2;71;18;100;48;2;72;20;102m▀[0m[38;2;69;3;86;48;2;70;9;92m▀[0m[38;2;71;13;96;48;2;69;4;87m▀[0m[38;2;70;9;92;48;2;72;33;115m▀[0m[38;2;70;8;91;48;2;70;8;91m▀[0m[38;2;71;13;96;48;2;72;32;113m▀[0m[38;2;72;22;105;48;2;70;9;92m▀[0m[38;2;71;14;97;48;2;72;23;105m▀[0m[38;2;68;2;85;48;2;69;7;90m▀[0m[38;2;70;10;93;48;2;71;13;96m▀[0m[38;2;70;9;92;48;2;72;31;112m▀[0m[38;2;72;24;106;48;2;71;15;97m▀[0m[38;2;71;18;101;48;2;69;4;87m▀[0m[38;2;70;11;94;48;2;71;16;99m▀[0m[38;2;72;28;110;48;2;69;3;86m▀[0m[38;2;71;14;97;48;2;72;25;107m▀[0m[38;2;70;8;91;48;2;70;7;90m▀[0m[38;2;71;11;94;48;2;69;5;88m▀[0m[38;2;71;14;97;48;2;71;16;99m▀[0m[38;2;68;1;84;48;2;71;15;98m▀[0m[38;2;71;15;98;48;2;70;8;91m▀[0m[38;2;71;14;97;48;2;70;11;94m▀[0m[38;2;72;19;101;48;2;71;17;100m▀[0m[38;2;71;11;94;48;2;68;1;84m▀[0m[38;2;68;1;84;48;2;72;22;105m▀[0m[38;2;71;13;96;48;2;70;11;94m▀[0m[38;2;72;27;108;48;2;71;15;98m▀[0m[38;2;71;11;94;48;2;71;18;101m▀[0m[38;2;72;19;101;48;2;72;20;103m▀[0m[38;2;68;2;85;48;2;69;7;90m▀[0m[38;2;72;22;104;48;2;71;12;95m▀[0m[38;2;71;17;100;48;2;71;13;96m▀[0m[38;2;69;4;87;48;2;69;4;87m▀[0m[38;2;71;15;98;48;2;71;16;99m▀[0m[38;2;71;12;95;48;2;72;21;103m▀[0m[38;2;68;2;85;48;2;69;5;88m▀[0m[38;2;69;4;87;48;2;69;5;88m▀[0m[38;2;71;14;97;48;2;70;7;90m▀[0m[38;2;69;5;88;48;2;72;21;103m▀[0m[38;2;71;16;99;48;2;72;24;106m▀[0m[38;2;72;20;102;48;2;71;17;100m▀[0m[38;2;70;10;93;48;2;71;15;98m▀[0m[38;2;68;1;84;48;2;71;16;99m▀[0m[38;2;70;10;93;48;2;68;1;84m▀[0m[38;2;69;6;89;48;2;68;3;86m▀[0m[38;2;70;7;90;48;2;71;16;99m▀[0m[38;2;71;11;94;48;2;72;30;112m▀[0m[38;2;71;17;100;48;2;71;12;95m▀[0m[38;2;70;10;93;48;2;71;16;98m▀[0m[38;2;71;15;98;48;2;71;16;99m▀[0m[38;2;68;2;85;48;2;72;19;102m▀[0m[38;2;69;6;89;48;2;69;6;89m▀[0m[38;2;70;9;92;48;2;71;16;99m▀[0m[38;2;69;5;88;48;2;70;11;94m▀[0m[38;2;71;14;97;48;2;72;23;105m▀[0m[38;2;71;16;99;48;2;71;18;101m▀[0m[38;2;69;6;89;48;2;71;15;98m▀[0m[38;2;72;24;106;48;2;70;10;93m▀[0m[38;2;70;9;92;48;2;70;8;91m▀[0m[38;2;69;5;88;48;2;71;13;96m▀[0m[38;2;72;21;103;48;2;70;11;94m▀[0m[38;2;68;1;84;48;2;70;7;90m▀[0m[38;2;71;14;97;48;2;71;12;95m▀[0m[38;2;71;12;95;48;2;72;22;104m▀[0m[38;2;69;4;87;48;2;70;10;93m▀[0m[38;2;70;10;93;48;2;69;4;87m▀[0m[38;2;71;12;95;48;2;71;15;98m▀[0m[38;2;70;9;92;48;2;69;7;90m▀[0m[38;2;68;1;84;48;2;69;4;87m▀[0m[38;2;71;17;99;48;2;70;8;91m▀[0m[38;2;72;23;105;48;2;71;15;97m▀[0m[38;2;69;3;86;48;2;72;19;101m▀[0m[38;2;70;11;94;48;2;70;10;93m▀[0m[38;2;68;2;85;48;2;71;12;95m▀[0m[38;2;72;21;104;48;2;72;23;106m▀[0m[38;2;72;27;108;48;2;70;9;92m▀[0m[38;2;72;25;107;48;2;69;5;88m▀[0m[38;2;70;9;92;48;2;71;13;96m▀[0m[38;2;70;10;93;48;2;69;5;88m▀[0m[38;2;71;18;100;48;2;70;11;94m▀[0m[38;2;71;13;96;48;2;70;9;92m▀[0m[38;2;71;12;95;48;2;71;15;98m▀[0m[38;2;71;12;95;48;2;71;17;100m▀[0m[38;2;71;14;97;48;2;70;8;91m▀[0m[38;2;68;1;84;48;2;71;14;97m▀[0m[38;2;72;20;103;48;2;71;11;94m▀[0m
[2m  -0.363 [0m[38;2;71;15;98;48;2;71;15;98m▀[0m[38;2;68;1;84;48;2;68;1;84m▀[0m[38;2;71;15;98;48;2;70;8;91m▀[0m[38;2;71;17;99;48;2;71;11;94m▀[0m[38;2;69;6;89;48;2;71;17;100m▀[0m[38;2;70;10;93;48;2;70;10;93m▀[0m[38;2;71;13;96;48;2;70;7;90m▀[0m[38;2;71;18;100;48;2;71;12;95m▀[0m[38;2;72;24;106;48;2;69;6;89m▀[0m[38;2;71;13;96;48;2;70;10;93m▀[0m[38;2;71;12;95;48;2;68;1;84m▀[0m[38;2;72;21;104;48;2;69;5;88m▀[0m[38;2;69;6;89;48;2;69;4;87m▀[0m[38;2;71;13;96;48;2;70;8;91m▀[0m[38;2;70;9;92;48;2;71;13;96m▀[0m[38;2;70;9;92;48;2;71;16;99m▀[0m[38;2;72;21;103;48;2;70;8;91m▀[0m[38;2;71;12;95;48;2;72;22;104m▀[0m[38;2;72;27;108;48;2;72;32;113m▀[0m[38;2;68;1;84;48;2;71;15;98m▀[0m[38;2;71;16;99;48;2;72;26;108m▀[0m[38;2;71;14;97;48;2;71;13;96m▀[0m[38;2;72;21;103;48;2;69;4;87m▀[0m[38;2;70;10;93;48;2;71;12;95m▀[0m[38;2;72;21;103;48;2;70;10;93m▀[0m[38;2;68;1;84;48;2;71;12;95m▀[0m[38;2;70;9;92;48;2;72;24;106m▀[0m[38;2;72;24;106;48;2;71;12;95m▀[0m[38;2;69;7;90;48;2;71;11;94m▀[0m[38;2;72;19;101;48;2;71;13;96m▀[0m[38;2;69;6;89;48;2;68;3;86m▀[0m[38;2;72;20;102;48;2;70;11;94m▀[0m[38;2;71;13;96;48;2;70;9;92m▀[0m[38;2;71;15;98;48;2;71;17;100m▀[0m[38;2;68;1;84;48;2;71;15;98m▀[0m[38;2;71;12;95;48;2;70;8;91m▀[0m[38;2;69;4;87;48;2;72;30;112m▀[0m[38;2;72;24;106;48;2;71;14;97m▀[0m[38;2;71;17;100;48;2;68;2;85m▀[0m[38;2;72;19;101;48;2;68;1;84m▀[0m[38;2;70;10;93;48;2;71;16;98m▀[0m[38;2;72;20;102;48;2;71;14;97m▀[0m[38;2;72;19;101;48;2;72;21;103m▀[0m[38;2;71;16;98;48;2;72;19;102m▀[0m[38;2;71;13;96;48;2;69;3;86m▀[0m[38;2;70;9;92;48;2;70;11;94m▀[0m[38;2;69;6;89;48;2;69;7;90m▀[0m[38;2;71;14;97;48;2;70;8;91m▀[0m[38;2;72;24;106;48;2;71;13;96m▀[0m[38;2;69;7;90;48;2;69;7;90m▀[0m[38;2;71;15;97;48;2;70;8;91m▀[0m[38;2;72;19;101;48;2;72;20;102m▀[0m[38;2;71;14;97;48;2;71;12;95m▀[0m[38;2;70;9;92;48;2;71;12;95m▀[0m[38;2;71;14;97;48;2;72;32;113m▀[0m[38;2;72;26;108;48;2;71;11;94m▀[0m[38;2;71;14;97;48;2;70;7;90m▀[0m[38;2;71;18;101;48;2;71;12;95m▀[0m[38;2;71;18;101;48;2;70;8;91m▀[0m[38;2;71;16;98;48;2;72;20;102m▀[0m[38;2;70;7;90;48;2;72;19;101m▀[0m[38;2;72;19;102;48;2;69;4;87m▀[0m[38;2;69;6;89;48;2;72;25;107m▀[0m[38;2;72;21;103;48;2;70;8;91m▀[0m[38;2;72;24;106;48;2;69;7;90m▀[0m[38;2;71;14;97;48;2;68;1;84m▀[0m[38;2;69;6;89;48;2;72;32;113m▀[0m[38;2;71;13;96;48;2;70;9;92m▀[0m[38;2;72;22;104;48;2;68;1;84m▀[0m[38;2;70;9;92;48;2;70;8;91m▀[0m[38;2;69;6;89;48;2;71;12;95m▀[0m[38;2;68;2;85;48;2;69;6;89m▀[0m[38;2;70;9;92;48;2;69;6;89m▀[0m[38;2;68;2;85;48;2;71;17;100m▀[0m[38;2;71;18;100;48;2;71;13;96m▀[0m[38;2;71;12;95;48;2;71;11;94m▀[0m[38;2;72;21;104;48;2;69;6;89m▀[0m[38;2;70;11;94;48;2;71;15;98m▀[0m[38;2;71;15;98;48;2;69;5;88m▀[0m[38;2;70;7;90;48;2;71;17;99m▀[0m[38;2;72;24;106;48;2;71;16;99m▀[0m[38;2;71;16;99;48;2;71;12;95m▀[0m[38;2;69;4;87;48;2;72;21;103m▀[0m[38;2;72;19;101;48;2;68;2;85m▀[0m[38;2;71;13;96;48;2;72;21;104m▀[0m[38;2;71;14;97;48;2;68;1;84m▀[0m[38;2;70;8;91;48;2;69;7;90m▀[0m[38;2;69;7;90;48;2;71;13;96m▀[0m[38;2;71;15;98;48;2;72;20;102m▀[0m[38;2;72;26;108;48;2;71;16;98m▀[0m
[2m  -0.406 [0m[38;2;71;14;97;48;2;72;23;106m▀[0m[38;2;69;3;86;48;2;71;17;100m▀[0m[38;2;70;11;94;48;2;69;4;87m▀[0m[38;2;71;12;95;48;2;71;18;101m▀[0m[38;2;70;11;94;48;2;72;24;106m▀[0m[38;2;69;6;89;48;2;71;13;96m▀[0m[38;2;70;8;91;48;2;70;8;91m▀[0m[38;2;69;7;90;48;2;71;16;99m▀[0m[38;2;68;1;84;48;2;70;7;90m▀[0m[38;2;70;8;91;48;2;68;1;84m▀[0m[38;2;71;18;101;48;2;71;13;96m▀[0m[38;2;70;9;92;48;2;71;17;100m▀[0m[38;2;71;14;97;48;2;71;17;100m▀[0m[38;2;71;17;100;48;2;71;16;99m▀[0m[38;2;70;8;91;48;2;69;6;89m▀[0m[38;2;72;20;103;48;2;70;9;92m▀[0m[38;2;71;18;100;48;2;72;23;105m▀[0m[38;2;72;25;107;48;2;71;17;100m▀[0m[38;2;70;8;91;48;2;70;9;92m▀[0m[38;2;70;11;94;48;2;68;1;84m▀[0m[38;2;71;14;97;48;2;68;2;85m▀[0m[38;2;71;17;100;48;2;69;7;90m▀[0m[38;2;71;18;100;48;2;68;1;84m▀[0m[38;2;69;4;87;48;2;68;1;84m▀[0m[38;2;71;16;99;48;2;71;18;100m▀[0m[38;2;70;10;93;48;2;71;18;101m▀[0m[38;2;72;20;102;48;2;69;5;88m▀[0m[38;2;69;5;88;48;2;71;17;100m▀[0m[38;2;72;27;109;48;2;70;8;91m▀[0m[38;2;70;10;93;48;2;72;20;102m▀[0m[38;2;71;14;97;48;2;70;7;90m▀[0m[38;2;71;13;96;48;2;70;11;94m▀[0m[38;2;71;15;98;48;2;68;2;85m▀[0m[38;2;69;6;89;48;2;72;22;104m▀[0m[38;2;71;11;94;48;2;71;16;99m▀[0m[38;2;71;11;94;48;2;70;8;91m▀[0m[38;2;69;5;88;48;2;69;7;90m▀[0m[38;2;71;12;95;48;2;71;17;99m▀[0m[38;2;68;1;84;48;2;70;9;92m▀[0m[38;2;72;26;108;48;2;71;17;100m▀[0m[38;2;71;15;98;48;2;69;6;89m▀[0m[38;2;71;11;94;48;2;70;9;92m▀[0m[38;2;69;4;87;48;2;69;4;87m▀[0m[38;2;70;9;92;48;2;71;15;98m▀[0m[38;2;71;13;96;48;2;70;11;94m▀[0m[38;2;70;9;92;48;2;71;14;97m▀[0m[38;2;71;13;96;48;2;69;3;86m▀[0m[38;2;71;13;96;48;2;70;10;93m▀[0m[38;2;68;1;84;48;2;70;11;94m▀[0m[38;2;70;7;90;48;2;68;1;84m▀[0m[38;2;68;2;85;48;2;72;30;112m▀[0m[38;2;72;19;102;48;2;71;16;98m▀[0m[38;2;72;24;106;48;2;71;17;100m▀[0m[38;2;71;18;100;48;2;71;15;98m▀[0m[38;2;69;6;89;48;2;70;8;91m▀[0m[38;2;68;1;84;48;2;70;11;94m▀[0m[38;2;70;8;91;48;2;71;16;98m▀[0m[38;2;68;2;85;48;2;70;9;92m▀[0m[38;2;71;12;95;48;2;72;19;101m▀[0m[38;2;70;10;93;48;2;71;18;101m▀[0m[38;2;68;1;84;48;2;68;1;84m▀[0m[38;2;72;25;107;48;2;71;15;98m▀[0m[38;2;71;17;99;48;2;68;2;85m▀[0m[38;2;70;9;92;48;2;71;17;100m▀[0m[38;2;71;12;95;48;2;72;26;108m▀[0m[38;2;71;12;95;48;2;70;9;92m▀[0m[38;2;69;6;89;48;2;72;28;109m▀[0m[38;2;69;5;88;48;2;72;22;104m▀[0m[38;2;70;8;91;48;2;68;1;84m▀[0m[38;2;70;10;93;48;2;70;9;92m▀[0m[38;2;70;9;92;48;2;71;12;95m▀[0m[38;2;71;18;100;48;2;69;5;88m▀[0m[38;2;71;12;95;48;2;71;12;95m▀[0m[38;2;69;6;89;48;2;70;8;91m▀[0m[38;2;72;30;111;48;2;70;9;92m▀[0m[38;2;72;24;106;48;2;71;16;99m▀[0m[38;2;71;13;96;48;2;72;22;104m▀[0m[38;2;68;1;84;48;2;72;25;107m▀[0m[38;2;72;21;104;48;2;72;21;103m▀[0m[38;2;72;22;104;48;2;71;12;95m▀[0m[38;2;72;28;109;48;2;72;19;102m▀[0m[38;2;72;21;103;48;2;72;21;103m▀[0m[38;2;68;1;84;48;2;69;4;87m▀[0m[38;2;72;21;103;48;2;72;19;101m▀[0m[38;2;70;9;92;48;2;71;17;99m▀[0m[38;2;71;16;99;48;2;72;22;104m▀[0m[38;2;71;12;95;48;2;70;8;91m▀[0m[38;2;71;13;96;48;2;69;5;88m▀[0m[38;2;71;13;96;48;2;68;1;84m▀[0m[38;2;69;4;87;48;2;71;13;96m▀[0m
[2m  -0.448 [0m[38;2;72;29;110;48;2;70;8;91m▀[0m[38;2;69;6;89;48;2;71;13;96m▀[0m[38;2;69;5;88;48;2;70;11;94m▀[0m[38;2;70;10;93;48;2;71;13;96m▀[0m[38;2;71;15;98;48;2;72;27;109m▀[0m[38;2;71;14;97;48;2;68;2;85m▀[0m[38;2;72;19;101;48;2;69;3;86m▀[0m[38;2;72;33;114;48;2;71;17;100m▀[0m[38;2;69;4;87;48;2;71;14;97m▀[0m[38;2;69;3;86;48;2;71;12;95m▀[0m[38;2;72;19;101;48;2;68;1;84m▀[0m[38;2;70;11;94;48;2;71;13;96m▀[0m[38;2;70;9;92;48;2;70;9;92m▀[0m[38;2;70;9;92;48;2;71;18;101m▀[0m[38;2;71;17;99;48;2;71;12;95m▀[0m[38;2;70;11;94;48;2;71;16;99m▀[0m[38;2;69;6;89;48;2;71;15;98m▀[0m[38;2;70;10;93;48;2;71;16;98m▀[0m[38;2;72;27;109;48;2;72;24;106m▀[0m[38;2;71;11;94;48;2;72;24;106m▀[0m[38;2;70;8;91;48;2;70;10;93m▀[0m[38;2;69;5;88;48;2;71;14;97m▀[0m[38;2;69;7;90;48;2;72;21;103m▀[0m[38;2;70;9;92;48;2;72;22;105m▀[0m[38;2;70;8;91;48;2;68;1;84m▀[0m[38;2;71;11;94;48;2;69;5;88m▀[0m[38;2;71;13;96;48;2;72;21;103m▀[0m[38;2;70;10;93;48;2;71;16;98m▀[0m[38;2;69;7;90;48;2;70;10;93m▀[0m[38;2;69;5;88;48;2;71;18;101m▀[0m[38;2;71;17;100;48;2;70;10;93m▀[0m[38;2;71;16;99;48;2;69;3;86m▀[0m[38;2;71;16;99;48;2;71;12;95m▀[0m[38;2;70;8;91;48;2;69;5;88m▀[0m[38;2;71;17;100;48;2;71;12;95m▀[0m[38;2;71;13;96;48;2;71;16;99m▀[0m[38;2;72;21;103;48;2;72;19;102m▀[0m[38;2;72;24;106;48;2;71;15;98m▀[0m[38;2;71;18;101;48;2;71;11;94m▀[0m[38;2;71;15;98;48;2;72;19;102m▀[0m[38;2;72;35;116;48;2;71;13;96m▀[0m[38;2;69;7;90;48;2;68;1;84m▀[0m[38;2;70;9;92;48;2;69;4;87m▀[0m[38;2;71;17;99;48;2;70;9;92m▀[0m[38;2;69;3;86;48;2;70;9;92m▀[0m[38;2;69;7;90;48;2;71;18;100m▀[0m[38;2;69;7;90;48;2;71;16;99m▀[0m[38;2;68;1;84;48;2;72;22;104m▀[0m[38;2;70;7;90;48;2;70;8;91m▀[0m[38;2;72;29;111;48;2;71;14;97m▀[0m[38;2;69;5;88;48;2;68;1;84m▀[0m[38;2;69;3;86;48;2;70;7;90m▀[0m[38;2;71;15;98;48;2;71;12;95m▀[0m[38;2;72;23;105;48;2;70;9;92m▀[0m[38;2;70;8;91;48;2;71;17;100m▀[0m[38;2;70;10;93;48;2;72;20;103m▀[0m[38;2;72;19;102;48;2;72;19;101m▀[0m[38;2;70;9;92;48;2;71;13;96m▀[0m[38;2;72;22;104;48;2;68;2;85m▀[0m[38;2;68;1;84;48;2;71;15;98m▀[0m[38;2;71;14;97;48;2;69;4;87m▀[0m[38;2;71;17;99;48;2;70;9;92m▀[0m[38;2;71;16;99;48;2;71;16;99m▀[0m[38;2;72;32;113;48;2;71;17;100m▀[0m[38;2;72;19;102;48;2;69;5;88m▀[0m[38;2;70;10;93;48;2;71;13;96m▀[0m[38;2;72;20;103;48;2;71;16;99m▀[0m[38;2;68;3;86;48;2;68;1;84m▀[0m[38;2;71;15;98;48;2;70;8;91m▀[0m[38;2;68;1;84;48;2;68;1;84m▀[0m[38;2;69;5;88;48;2;72;19;102m▀[0m[38;2;72;24;106;48;2;70;8;91m▀[0m[38;2;69;3;86;48;2;72;20;102m▀[0m[38;2;70;8;91;48;2;72;20;102m▀[0m[38;2;72;30;111;48;2;68;3;86m▀[0m[38;2;69;4;87;48;2;71;17;100m▀[0m[38;2;68;2;85;48;2;71;13;96m▀[0m[38;2;69;5;88;48;2;71;16;99m▀[0m[38;2;71;18;101;48;2;72;25;107m▀[0m[38;2;71;17;100;48;2;71;16;99m▀[0m[38;2;72;22;104;48;2;72;19;101m▀[0m[38;2;70;7;90;48;2;71;16;99m▀[0m[38;2;69;4;87;48;2;71;15;98m▀[0m[38;2;70;10;93;48;2;69;7;90m▀[0m[38;2;70;7;90;48;2;71;12;95m▀[0m[38;2;68;1;84;48;2;71;13;96m▀[0m[38;2;71;11;94;48;2;71;14;96m▀[0m[38;2;70;7;90;48;2;71;13;96m▀[0m[38;2;71;13;96;48;2;71;13;96m▀[0m[38;2;69;5;88;48;2;72;19;102m▀[0m
[2m  -0.491 [0m[38;2;71;13;96;48;2;70;8;91m▀[0m[38;2;71;16;99;48;2;69;5;88m▀[0m[38;2;71;16;99;48;2;70;11;94m▀[0m[38;2;72;26;107;48;2;69;3;86m▀[0m[38;2;71;13;96;48;2;71;14;97m▀[0m[38;2;69;4;87;48;2;72;20;102m▀[0m[38;2;71;13;96;48;2;72;19;102m▀[0m[38;2;70;10;93;48;2;71;15;98m▀[0m[38;2;70;8;91;48;2;68;3;86m▀[0m[38;2;70;9;92;48;2;72;23;105m▀[0m[38;2;72;22;104;48;2;70;10;93m▀[0m[38;2;71;14;97;48;2;72;20;102m▀[0m[38;2;69;4;87;48;2;72;28;110m▀[0m[38;2;72;24;106;48;2;69;6;89m▀[0m[38;2;71;15;98;48;2;71;18;101m▀[0m[38;2;71;14;97;48;2;69;4;87m▀[0m[38;2;70;10;93;48;2;71;15;98m▀[0m[38;2;71;16;99;48;2;69;4;87m▀[0m[38;2;72;32;113;48;2;72;20;102m▀[0m[38;2;69;6;89;48;2;68;2;85m▀[0m[38;2;71;15;98;48;2;70;8;91m▀[0m[38;2;71;13;96;48;2;71;16;99m▀[0m[38;2;72;20;102;48;2;70;8;91m▀[0m[38;2;70;9;92;48;2;68;2;85m▀[0m[38;2;70;10;93;48;2;71;15;98m▀[0m[38;2;70;8;91;48;2;71;15;98m▀[0m[38;2;71;18;100;48;2;72;29;110m▀[0m[38;2;72;19;101;48;2;72;22;104m▀[0m[38;2;68;3;86;48;2;70;11;94m▀[0m[38;2;71;13;96;48;2;71;11;94m▀[0m[38;2;69;3;86;48;2;71;14;97m▀[0m[38;2;69;7;90;48;2;69;3;86m▀[0m[38;2;71;14;97;48;2;71;15;98m▀[0m[38;2;71;12;95;48;2;70;10;93m▀[0m[38;2;71;18;101;48;2;68;1;84m▀[0m[38;2;71;16;99;48;2;71;17;100m▀[0m[38;2;72;20;102;48;2;72;24;106m▀[0m[38;2;70;7;90;48;2;71;17;99m▀[0m[38;2;72;25;107;48;2;69;6;89m▀[0m[38;2;71;13;96;48;2;70;10;93m▀[0m[38;2;70;10;93;48;2;69;4;87m▀[0m[38;2;70;10;93;48;2;71;15;98m▀[0m[38;2;68;2;85;48;2;71;13;96m▀[0m[38;2;69;7;90;48;2;71;13;96m▀[0m[38;2;69;6;89;48;2;72;19;101m▀[0m[38;2;71;17;100;48;2;72;25;107m▀[0m[38;2;69;7;90;48;2;69;4;87m▀[0m[38;2;69;6;89;48;2;69;7;90m▀[0m[38;2;71;15;98;48;2;71;16;99m▀[0m[38;2;72;26;108;48;2;72;22;104m▀[0m[38;2;70;7;90;48;2;72;30;111m▀[0m[38;2;71;18;100;48;2;72;22;105m▀[0m[38;2;69;5;88;48;2;71;15;98m▀[0m[38;2;71;13;96;48;2;71;18;100m▀[0m[38;2;69;7;90;48;2;68;1;84m▀[0m[38;2;71;18;101;48;2;71;11;94m▀[0m[38;2;69;6;89;48;2;70;10;93m▀[0m[38;2;71;13;96;48;2;71;12;95m▀[0m[38;2;72;22;104;48;2;71;16;99m▀[0m[38;2;70;9;92;48;2;69;6;89m▀[0m[38;2;71;18;100;48;2;72;19;101m▀[0m[38;2;72;21;103;48;2;70;8;91m▀[0m[38;2;71;17;100;48;2;71;13;96m▀[0m[38;2;72;19;102;48;2;71;18;101m▀[0m[38;2;68;1;84;48;2;72;19;101m▀[0m[38;2;70;11;94;48;2;72;28;109m▀[0m[38;2;68;1;84;48;2;68;3;86m▀[0m[38;2;70;7;90;48;2;69;6;89m▀[0m[38;2;72;26;108;48;2;69;7;90m▀[0m[38;2;71;11;94;48;2;71;13;96m▀[0m[38;2;69;5;88;48;2;70;9;92m▀[0m[38;2;68;3;86;48;2;72;24;106m▀[0m[38;2;68;1;84;48;2;72;19;101m▀[0m[38;2;71;14;97;48;2;72;21;104m▀[0m[38;2;69;4;87;48;2;71;15;97m▀[0m[38;2;69;7;90;48;2;72;29;111m▀[0m[38;2;72;23;105;48;2;71;14;97m▀[0m[38;2;68;1;84;48;2;69;3;86m▀[0m[38;2;72;30;111;48;2;68;1;84m▀[0m[38;2;70;7;90;48;2;71;15;98m▀[0m[38;2;70;8;91;48;2;72;26;107m▀[0m[38;2;71;16;99;48;2;69;7;90m▀[0m[38;2;72;19;102;48;2;71;16;99m▀[0m[38;2;72;26;108;48;2;71;18;100m▀[0m[38;2;71;13;96;48;2;69;4;87m▀[0m[38;2;71;11;94;48;2;72;24;106m▀[0m[38;2;72;19;102;48;2;71;16;98m▀[0m[38;2;69;5;88;48;2;71;18;101m▀[0m[38;2;69;4;87;48;2;72;21;104m▀[0m[38;2;71;12;95;48;2;72;20;102m▀[0m
[2m         ┬                 ┬                 ┬                ┬                 ┬                 ┬[0m
[2m         0.001           0.102             0.203            0.297             0.399             [0m
[2m0.499 s[0m

[2m     güç [0m[2;96m    ▄███████████████████████████████████▄      ▆███████████████████████████████████▂      [0m
[2m         -8.9 … -6.5 dB[0m

