[1mqpsk_01.sigmf-meta[0m[2m  merkez [0m[36m2450 MHz[0m[2m  hız [0m[36m1.024 MS/s[0m[2m  örnek [0m[36m0…32768[0m[2m  nfft [0m[36m1024[0m
[2mdikey: merkeze göre ofset (MHz)   yatay: zaman (s)[0m

[2m  +0.490 [0m[38;2;71;17;100;48;2;70;8;91m▀[0m[38;2;71;17;100;48;2;70;8;91m▀[0m[38;2;70;8;91;48;2;72;32;113m▀[0m[38;2;72;37;118;48;2;72;32;114m▀[0m[38;2;72;37;118;48;2;72;32;114m▀[0m[38;2;72;25;107;48;2;72;29;111m▀[0m[38;2;69;5;88;48;2;71;16;98m▀[0m[38;2;69;5;88;48;2;71;16;98m▀[0m[38;2;70;8;91;48;2;72;38;118m▀[0m[38;2;72;27;109;48;2;72;37;117m▀[0m[38;2;72;29;111;48;2;71;17;99m▀[0m[38;2;72;29;111;48;2;71;17;99m▀[0m[38;2;71;14;97;48;2;72;30;112m▀[0m[38;2;71;43;122;48;2;71;17;99m▀[0m[38;2;71;43;122;48;2;71;17;99m▀[0m[38;2;71;14;97;48;2;72;29;110m▀[0m[38;2;72;29;111;48;2;69;5;88m▀[0m[38;2;72;29;111;48;2;69;5;88m▀[0m[38;2;72;20;103;48;2;72;39;119m▀[0m[38;2;72;32;114;48;2;72;20;103m▀[0m[38;2;68;1;84;48;2;69;5;88m▀[0m[38;2;68;1;84;48;2;69;5;88m▀[0m[38;2;69;3;86;48;2;72;24;106m▀[0m[38;2;71;16;99;48;2;69;55;129m▀[0m[38;2;71;16;99;48;2;69;55;129m▀[0m[38;2;72;26;107;48;2;72;20;102m▀[0m[38;2;72;30;111;48;2;72;20;102m▀[0m[38;2;72;30;111;48;2;72;20;102m▀[0m[38;2;72;33;114;48;2;71;44;122m▀[0m[38;2;71;16;98;48;2;71;12;95m▀[0m[38;2;72;37;117;48;2;72;21;103m▀[0m[38;2;72;37;117;48;2;72;21;103m▀[0m[38;2;72;33;114;48;2;72;28;109m▀[0m[38;2;72;28;109;48;2;72;27;109m▀[0m[38;2;72;28;109;48;2;72;27;109m▀[0m[38;2;70;9;92;48;2;72;24;106m▀[0m[38;2;71;18;101;48;2;68;1;84m▀[0m[38;2;71;18;101;48;2;68;1;84m▀[0m[38;2;69;7;90;48;2;68;1;84m▀[0m[38;2;72;22;104;48;2;72;19;102m▀[0m[38;2;71;17;100;48;2;70;52;128m▀[0m[38;2;71;17;100;48;2;70;52;128m▀[0m[38;2;72;25;107;48;2;72;33;114m▀[0m[38;2;71;15;98;48;2;72;39;119m▀[0m[38;2;71;15;98;48;2;72;39;119m▀[0m[38;2;68;1;84;48;2;72;28;110m▀[0m[38;2;68;1;84;48;2;72;21;103m▀[0m[38;2;68;1;84;48;2;72;21;103m▀[0m[38;2;72;22;104;48;2;72;27;109m▀[0m[38;2;72;23;105;48;2;71;41;120m▀[0m[38;2;71;15;98;48;2;72;38;118m▀[0m[38;2;71;15;98;48;2;72;38;118m▀[0m[38;2;72;22;105;48;2;72;35;116m▀[0m[38;2;71;16;99;48;2;72;33;114m▀[0m[38;2;71;16;99;48;2;72;33;114m▀[0m[38;2;70;11;94;48;2;71;12;95m▀[0m[38;2;72;34;115;48;2;71;42;121m▀[0m[38;2;72;34;115;48;2;71;42;121m▀[0m[38;2;70;9;92;48;2;72;24;106m▀[0m[38;2;72;33;114;48;2;72;29;111m▀[0m[38;2;71;43;122;48;2;72;33;115m▀[0m[38;2;71;43;122;48;2;72;33;115m▀[0m[38;2;72;32;113;48;2;71;14;97m▀[0m[38;2;72;22;105;48;2;72;23;105m▀[0m[38;2;72;22;105;48;2;72;23;105m▀[0m[38;2;71;17;99;48;2;71;12;95m▀[0m[38;2;71;15;98;48;2;72;24;106m▀[0m[38;2;71;15;98;48;2;72;24;106m▀[0m[38;2;72;19;101;48;2;72;28;109m▀[0m[38;2;71;14;97;48;2;71;17;100m▀[0m[38;2;72;30;111;48;2;72;31;113m▀[0m[38;2;72;30;111;48;2;72;31;113m▀[0m[38;2;71;16;99;48;2;71;15;98m▀[0m[38;2;72;24;106;48;2;72;30;111m▀[0m[38;2;72;24;106;48;2;72;30;111m▀[0m[38;2;72;24;106;48;2;70;50;126m▀[0m[38;2;71;18;101;48;2;71;14;97m▀[0m[38;2;71;18;101;48;2;71;14;97m▀[0m[38;2;72;20;103;48;2;72;32;114m▀[0m[38;2;68;1;84;48;2;68;1;84m▀[0m[38;2;72;31;112;48;2;68;3;86m▀[0m[38;2;72;31;112;48;2;68;3;86m▀[0m[38;2;72;21;103;48;2;72;31;112m▀[0m[38;2;72;25;107;48;2;71;44;122m▀[0m[38;2;72;25;107;48;2;71;44;122m▀[0m[38;2;72;21;104;48;2;71;14;97m▀[0m[38;2;71;43;122;48;2;71;14;97m▀[0m[38;2;71;43;122;48;2;71;14;97m▀[0m[38;2;72;30;111;48;2;71;17;100m▀[0m[38;2;72;22;104;48;2;72;38;118m▀[0m
[2m  +0.448 [0m[38;2;72;30;111;48;2;69;4;87m▀[0m[38;2;72;30;111;48;2;69;4;87m▀[0m[38;2;72;40;119;48;2;72;26;107m▀[0m[38;2;72;24;106;48;2;72;25;107m▀[0m[38;2;72;24;106;48;2;72;25;107m▀[0m[38;2;72;21;103;48;2;72;28;110m▀[0m[38;2;71;46;124;48;2;71;46;124m▀[0m[38;2;71;46;124;48;2;71;46;124m▀[0m[38;2;72;29;110;48;2;70;10;93m▀[0m[38;2;72;22;105;48;2;72;33;114m▀[0m[38;2;71;43;121;48;2;72;34;115m▀[0m[38;2;71;43;121;48;2;72;34;115m▀[0m[38;2;69;5;88;48;2;72;20;102m▀[0m[38;2;71;18;101;48;2;68;2;85m▀[0m[38;2;71;18;101;48;2;68;2;85m▀[0m[38;2;70;9;92;48;2;72;37;117m▀[0m[38;2;71;13;96;48;2;72;24;106m▀[0m[38;2;71;13;96;48;2;72;24;106m▀[0m[38;2;72;34;115;48;2;71;15;98m▀[0m[38;2;72;23;105;48;2;68;1;84m▀[0m[38;2;72;33;114;48;2;72;26;108m▀[0m[38;2;72;33;114;48;2;72;26;108m▀[0m[38;2;72;19;101;48;2;71;17;99m▀[0m[38;2;71;18;101;48;2;70;11;94m▀[0m[38;2;71;18;101;48;2;70;11;94m▀[0m[38;2;72;37;118;48;2;72;39;119m▀[0m[38;2;71;12;95;48;2;71;12;95m▀[0m[38;2;71;12;95;48;2;71;12;95m▀[0m[38;2;71;12;95;48;2;72;30;112m▀[0m[38;2;72;35;116;48;2;71;17;99m▀[0m[38;2;72;39;119;48;2;72;27;109m▀[0m[38;2;72;39;119;48;2;72;27;109m▀[0m[38;2;72;37;117;48;2;72;36;117m▀[0m[38;2;71;14;97;48;2;72;39;119m▀[0m[38;2;71;14;97;48;2;72;39;119m▀[0m[38;2;72;21;103;48;2;72;38;118m▀[0m[38;2;72;20;103;48;2;72;21;103m▀[0m[38;2;72;20;103;48;2;72;21;103m▀[0m[38;2;72;36;116;48;2;72;37;117m▀[0m[38;2;68;2;85;48;2;71;18;100m▀[0m[38;2;71;43;122;48;2;69;6;89m▀[0m[38;2;71;43;122;48;2;69;6;89m▀[0m[38;2;72;24;106;48;2;72;22;104m▀[0m[38;2;72;34;115;48;2;71;15;98m▀[0m[38;2;72;34;115;48;2;71;15;98m▀[0m[38;2;71;11;94;48;2;72;36;117m▀[0m[38;2;71;14;97;48;2;71;12;95m▀[0m[38;2;71;14;97;48;2;71;12;95m▀[0m[38;2;71;16;99;48;2;72;24;106m▀[0m[38;2;71;16;99;48;2;70;8;91m▀[0m[38;2;70;10;93;48;2;72;23;105m▀[0m[38;2;70;10;93;48;2;72;23;105m▀[0m[38;2;72;31;112;48;2;72;40;120m▀[0m[38;2;71;43;122;48;2;68;1;84m▀[0m[38;2;71;43;122;48;2;68;1;84m▀[0m[38;2;72;29;110;48;2;68;1;84m▀[0m[38;2;72;34;115;48;2;68;1;84m▀[0m[38;2;72;34;115;48;2;68;1;84m▀[0m[38;2;72;24;106;48;2;72;19;102m▀[0m[38;2;68;3;86;48;2;72;36;117m▀[0m[38;2;71;14;97;48;2;72;39;119m▀[0m[38;2;71;14;97;48;2;72;39;119m▀[0m[38;2;71;11;94;48;2;71;46;124m▀[0m[38;2;71;12;95;48;2;71;12;95m▀[0m[38;2;71;12;95;48;2;71;12;95m▀[0m[38;2;71;17;99;48;2;70;9;92m▀[0m[38;2;71;14;97;48;2;72;27;109m▀[0m[38;2;71;14;97;48;2;72;27;109m▀[0m[38;2;71;17;100;48;2;72;25;107m▀[0m[38;2;68;1;84;48;2;72;27;109m▀[0m[38;2;71;12;95;48;2;72;19;101m▀[0m[38;2;71;12;95;48;2;72;19;101m▀[0m[38;2;72;26;108;48;2;70;11;94m▀[0m[38;2;72;27;109;48;2;71;43;121m▀[0m[38;2;72;27;109;48;2;71;43;121m▀[0m[38;2;72;35;116;48;2;71;16;99m▀[0m[38;2;71;43;122;48;2;72;39;119m▀[0m[38;2;71;43;122;48;2;72;39;119m▀[0m[38;2;72;40;119;48;2;71;14;97m▀[0m[38;2;69;3;86;48;2;72;25;107m▀[0m[38;2;72;23;105;48;2;71;16;99m▀[0m[38;2;72;23;105;48;2;71;16;99m▀[0m[38;2;72;31;112;48;2;68;1;84m▀[0m[38;2;71;17;99;48;2;71;11;94m▀[0m[38;2;71;17;99;48;2;71;11;94m▀[0m[38;2;72;26;108;48;2;72;39;119m▀[0m[38;2;68;1;84;48;2;72;21;103m▀[0m[38;2;68;1;84;48;2;72;21;103m▀[0m[38;2;68;3;86;48;2;68;2;85m▀[0m[38;2;72;37;117;48;2;71;17;100m▀[0m
[2m  +0.405 [0m[38;2;68;1;84;48;2;72;34;115m▀[0m[38;2;68;1;84;48;2;72;34;115m▀[0m[38;2;72;33;114;48;2;72;40;120m▀[0m[38;2;71;11;94;48;2;72;26;108m▀[0m[38;2;71;11;94;48;2;72;26;108m▀[0m[38;2;71;18;101;48;2;72;29;110m▀[0m[38;2;72;32;113;48;2;72;23;105m▀[0m[38;2;72;32;113;48;2;72;23;105m▀[0m[38;2;72;26;108;48;2;72;29;110m▀[0m[38;2;72;33;114;48;2;72;39;119m▀[0m[38;2;72;24;106;48;2;70;51;127m▀[0m[38;2;72;24;106;48;2;70;51;127m▀[0m[38;2;68;1;84;48;2;72;20;103m▀[0m[38;2;70;51;127;48;2;72;36;117m▀[0m[38;2;70;51;127;48;2;72;36;117m▀[0m[38;2;69;4;87;48;2;72;27;109m▀[0m[38;2;71;12;95;48;2;72;36;116m▀[0m[38;2;71;12;95;48;2;72;36;116m▀[0m[38;2;72;20;103;48;2;72;30;111m▀[0m[38;2;72;32;114;48;2;71;15;97m▀[0m[38;2;72;19;101;48;2;69;5;88m▀[0m[38;2;72;19;101;48;2;69;5;88m▀[0m[38;2;68;2;85;48;2;72;19;102m▀[0m[38;2;72;24;106;48;2;72;34;115m▀[0m[38;2;72;24;106;48;2;72;34;115m▀[0m[38;2;68;1;84;48;2;72;31;112m▀[0m[38;2;72;19;102;48;2;68;2;85m▀[0m[38;2;72;19;102;48;2;68;2;85m▀[0m[38;2;72;34;115;48;2;71;15;98m▀[0m[38;2;72;27;109;48;2;68;2;85m▀[0m[38;2;72;34;115;48;2;72;22;104m▀[0m[38;2;72;34;115;48;2;72;22;104m▀[0m[38;2;72;32;114;48;2;70;10;93m▀[0m[38;2;72;25;107;48;2;70;11;94m▀[0m[38;2;72;25;107;48;2;70;11;94m▀[0m[38;2;72;21;103;48;2;72;22;104m▀[0m[38;2;72;34;115;48;2;71;18;100m▀[0m[38;2;72;34;115;48;2;71;18;100m▀[0m[38;2;68;2;85;48;2;72;26;108m▀[0m[38;2;71;11;94;48;2;71;14;97m▀[0m[38;2;70;8;91;48;2;71;18;100m▀[0m[38;2;70;8;91;48;2;71;18;100m▀[0m[38;2;72;24;106;48;2;71;15;98m▀[0m[38;2;69;4;87;48;2;72;32;113m▀[0m[38;2;69;4;87;48;2;72;32;113m▀[0m[38;2;72;40;119;48;2;72;20;102m▀[0m[38;2;72;34;115;48;2;72;31;112m▀[0m[38;2;72;34;115;48;2;72;31;112m▀[0m[38;2;71;16;99;48;2;71;17;100m▀[0m[38;2;72;19;102;48;2;72;20;103m▀[0m[38;2;72;39;119;48;2;72;31;112m▀[0m[38;2;72;39;119;48;2;72;31;112m▀[0m[38;2;72;22;104;48;2;72;31;113m▀[0m[38;2;72;21;103;48;2;70;11;94m▀[0m[38;2;72;21;103;48;2;70;11;94m▀[0m[38;2;72;23;105;48;2;71;42;121m▀[0m[38;2;72;38;118;48;2;71;16;99m▀[0m[38;2;72;38;118;48;2;71;16;99m▀[0m[38;2;71;16;99;48;2;69;4;87m▀[0m[38;2;72;22;104;48;2;72;26;107m▀[0m[38;2;72;32;113;48;2;72;28;109m▀[0m[38;2;72;32;113;48;2;72;28;109m▀[0m[38;2;71;13;96;48;2;72;30;112m▀[0m[38;2;71;17;100;48;2;72;31;113m▀[0m[38;2;71;17;100;48;2;72;31;113m▀[0m[38;2;72;23;105;48;2;68;3;86m▀[0m[38;2;71;15;98;48;2;71;16;99m▀[0m[38;2;71;15;98;48;2;71;16;99m▀[0m[38;2;72;20;103;48;2;68;1;84m▀[0m[38;2;72;30;112;48;2;72;20;102m▀[0m[38;2;72;21;103;48;2;72;36;117m▀[0m[38;2;72;21;103;48;2;72;36;117m▀[0m[38;2;72;24;106;48;2;72;26;108m▀[0m[38;2;72;33;114;48;2;72;21;104m▀[0m[38;2;72;33;114;48;2;72;21;104m▀[0m[38;2;72;19;102;48;2;71;14;97m▀[0m[38;2;72;21;103;48;2;71;14;97m▀[0m[38;2;72;21;103;48;2;71;14;97m▀[0m[38;2;72;21;103;48;2;70;10;93m▀[0m[38;2;72;26;108;48;2;71;16;99m▀[0m[38;2;68;1;84;48;2;72;27;108m▀[0m[38;2;68;1;84;48;2;72;27;108m▀[0m[38;2;72;25;107;48;2;72;31;112m▀[0m[38;2;72;25;107;48;2;68;1;84m▀[0m[38;2;72;25;107;48;2;68;1;84m▀[0m[38;2;72;29;111;48;2;72;35;116m▀[0m[38;2;72;25;107;48;2;72;39;119m▀[0m[38;2;72;25;107;48;2;72;39;119m▀[0m[38;2;68;1;84;48;2;71;16;98m▀[0m[38;2;72;29;110;48;2;71;13;96m▀[0m
[2m  +0.362 [0m[38;2;72;26;108;48;2;71;48;125m▀[0m[38;2;72;26;108;48;2;71;48;125m▀[0m[38;2;72;38;118;48;2;71;13;96m▀[0m[38;2;72;34;115;48;2;72;26;108m▀[0m[38;2;72;34;115;48;2;72;26;108m▀[0m[38;2;72;19;102;48;2;69;5;88m▀[0m[38;2;72;30;112;48;2;72;20;102m▀[0m[38;2;72;30;112;48;2;72;20;102m▀[0m[38;2;71;14;97;48;2;72;26;108m▀[0m[38;2;71;13;96;48;2;72;21;103m▀[0m[38;2;72;23;105;48;2;71;43;122m▀[0m[38;2;72;23;105;48;2;71;43;122m▀[0m[38;2;72;35;116;48;2;72;19;101m▀[0m[38;2;72;36;117;48;2;72;22;105m▀[0m[38;2;72;36;117;48;2;72;22;105m▀[0m[38;2;72;22;104;48;2;72;28;109m▀[0m[38;2;72;31;113;48;2;72;26;108m▀[0m[38;2;72;31;113;48;2;72;26;108m▀[0m[38;2;71;17;100;48;2;72;35;116m▀[0m[38;2;68;1;84;48;2;72;24;106m▀[0m[38;2;71;15;98;48;2;72;36;117m▀[0m[38;2;71;15;98;48;2;72;36;117m▀[0m[38;2;72;20;103;48;2;71;14;97m▀[0m[38;2;72;22;104;48;2;72;39;119m▀[0m[38;2;72;22;104;48;2;72;39;119m▀[0m[38;2;68;1;84;48;2;72;19;102m▀[0m[38;2;72;24;106;48;2;68;1;84m▀[0m[38;2;72;24;106;48;2;68;1;84m▀[0m[38;2;72;30;111;48;2;72;32;113m▀[0m[38;2;72;28;110;48;2;71;14;97m▀[0m[38;2;72;31;112;48;2;72;19;102m▀[0m[38;2;72;31;112;48;2;72;19;102m▀[0m[38;2;68;1;84;48;2;72;26;108m▀[0m[38;2;70;7;90;48;2;69;7;90m▀[0m[38;2;70;7;90;48;2;69;7;90m▀[0m[38;2;68;1;84;48;2;72;26;108m▀[0m[38;2;72;38;118;48;2;72;32;114m▀[0m[38;2;72;38;118;48;2;72;32;114m▀[0m[38;2;72;23;105;48;2;71;14;97m▀[0m[38;2;72;31;112;48;2;70;10;93m▀[0m[38;2;71;11;94;48;2;72;37;118m▀[0m[38;2;71;11;94;48;2;72;37;118m▀[0m[38;2;71;18;100;48;2;71;17;100m▀[0m[38;2;72;25;107;48;2;72;20;103m▀[0m[38;2;72;25;107;48;2;72;20;103m▀[0m[38;2;72;30;112;48;2;70;50;127m▀[0m[38;2;69;6;89;48;2;70;51;127m▀[0m[38;2;69;6;89;48;2;70;51;127m▀[0m[38;2;72;28;110;48;2;68;1;84m▀[0m[38;2;71;11;94;48;2;71;11;94m▀[0m[38;2;70;50;127;48;2;71;18;100m▀[0m[38;2;70;50;127;48;2;71;18;100m▀[0m[38;2;68;1;84;48;2;72;23;105m▀[0m[38;2;72;28;110;48;2;72;30;111m▀[0m[38;2;72;28;110;48;2;72;30;111m▀[0m[38;2;71;18;101;48;2;70;9;92m▀[0m[38;2;69;4;87;48;2;72;29;110m▀[0m[38;2;69;4;87;48;2;72;29;110m▀[0m[38;2;71;14;97;48;2;72;26;107m▀[0m[38;2;71;18;101;48;2;72;24;106m▀[0m[38;2;68;1;84;48;2;71;18;101m▀[0m[38;2;68;1;84;48;2;71;18;101m▀[0m[38;2;72;22;104;48;2;72;27;109m▀[0m[38;2;70;49;126;48;2;68;1;84m▀[0m[38;2;70;49;126;48;2;68;1;84m▀[0m[38;2;71;15;98;48;2;72;24;106m▀[0m[38;2;72;19;102;48;2;71;45;123m▀[0m[38;2;72;19;102;48;2;71;45;123m▀[0m[38;2;69;5;88;48;2;71;43;122m▀[0m[38;2;71;41;121;48;2;72;28;110m▀[0m[38;2;72;27;109;48;2;72;23;105m▀[0m[38;2;72;27;109;48;2;72;23;105m▀[0m[38;2;70;10;93;48;2;71;12;95m▀[0m[38;2;71;18;101;48;2;70;8;91m▀[0m[38;2;71;18;101;48;2;70;8;91m▀[0m[38;2;71;14;97;48;2;72;36;116m▀[0m[38;2;71;11;94;48;2;72;19;101m▀[0m[38;2;71;11;94;48;2;72;19;101m▀[0m[38;2;72;25;107;48;2;72;37;117m▀[0m[38;2;71;43;122;48;2;71;18;101m▀[0m[38;2;72;23;105;48;2;72;21;103m▀[0m[38;2;72;23;105;48;2;72;21;103m▀[0m[38;2;72;26;108;48;2;68;1;84m▀[0m[38;2;72;30;111;48;2;72;21;103m▀[0m[38;2;72;30;111;48;2;72;21;103m▀[0m[38;2;70;9;92;48;2;72;20;103m▀[0m[38;2;71;44;122;48;2;72;30;111m▀[0m[38;2;71;44;122;48;2;72;30;111m▀[0m[38;2;72;32;113;48;2;72;34;115m▀[0m[38;2;71;12;95;48;2;72;33;114m▀[0m
[2m  +0.320 [0m[38;2;71;16;99;48;2;72;20;103m▀[0m[38;2;71;16;99;48;2;72;20;103m▀[0m[38;2;72;26;108;48;2;72;22;104m▀[0m[38;2;72;34;115;48;2;72;39;119m▀[0m[38;2;72;34;115;48;2;72;39;119m▀[0m[38;2;72;36;117;48;2;70;11;94m▀[0m[38;2;71;16;99;48;2;68;1;84m▀[0m[38;2;71;16;99;48;2;68;1;84m▀[0m[38;2;72;32;113;48;2;69;6;89m▀[0m[38;2;71;47;124;48;2;68;1;84m▀[0m[38;2;72;21;103;48;2;72;25;107m▀[0m[38;2;72;21;103;48;2;72;25;107m▀[0m[38;2;71;12;95;48;2;70;9;92m▀[0m[38;2;71;12;95;48;2;71;17;99m▀[0m[38;2;71;12;95;48;2;71;17;99m▀[0m[38;2;69;4;87;48;2;71;12;95m▀[0m[38;2;72;36;117;48;2;72;40;120m▀[0m[38;2;72;36;117;48;2;72;40;120m▀[0m[38;2;71;16;99;48;2;70;10;93m▀[0m[38;2;72;20;102;48;2;71;16;99m▀[0m[38;2;68;1;84;48;2;72;22;105m▀[0m[38;2;68;1;84;48;2;72;22;105m▀[0m[38;2;72;25;107;48;2;71;15;98m▀[0m[38;2;70;10;93;48;2;72;29;111m▀[0m[38;2;70;10;93;48;2;72;29;111m▀[0m[38;2;72;19;102;48;2;71;17;100m▀[0m[38;2;72;29;111;48;2;72;35;116m▀[0m[38;2;72;29;111;48;2;72;35;116m▀[0m[38;2;72;28;110;48;2;72;39;119m▀[0m[38;2;72;26;108;48;2;71;16;99m▀[0m[38;2;72;34;115;48;2;71;11;94m▀[0m[38;2;72;34;115;48;2;71;11;94m▀[0m[38;2;71;18;101;48;2;72;25;107m▀[0m[38;2;72;23;105;48;2;72;33;114m▀[0m[38;2;72;23;105;48;2;72;33;114m▀[0m[38;2;72;20;103;48;2;71;14;97m▀[0m[38;2;72;19;102;48;2;69;4;87m▀[0m[38;2;72;19;102;48;2;69;4;87m▀[0m[38;2;70;10;93;48;2;72;29;111m▀[0m[38;2;72;34;115;48;2;72;20;102m▀[0m[38;2;72;28;110;48;2;72;23;105m▀[0m[38;2;72;28;110;48;2;72;23;105m▀[0m[38;2;70;11;94;48;2;72;37;117m▀[0m[38;2;71;14;97;48;2;70;9;92m▀[0m[38;2;71;14;97;48;2;70;9;92m▀[0m[38;2;72;23;105;48;2;69;5;88m▀[0m[38;2;72;29;110;48;2;71;16;99m▀[0m[38;2;72;29;110;48;2;71;16;99m▀[0m[38;2;72;30;112;48;2;70;51;127m▀[0m[38;2;72;21;103;48;2;69;5;88m▀[0m[38;2;72;24;106;48;2;68;1;84m▀[0m[38;2;72;24;106;48;2;68;1;84m▀[0m[38;2;68;1;84;48;2;72;28;109m▀[0m[38;2;72;21;103;48;2;68;1;84m▀[0m[38;2;72;21;103;48;2;68;1;84m▀[0m[38;2;72;35;116;48;2;70;7;90m▀[0m[38;2;68;1;84;48;2;71;46;124m▀[0m[38;2;68;1;84;48;2;71;46;124m▀[0m[38;2;72;19;101;48;2;68;1;84m▀[0m[38;2;72;23;105;48;2;71;14;97m▀[0m[38;2;72;39;119;48;2;72;31;112m▀[0m[38;2;72;39;119;48;2;72;31;112m▀[0m[38;2;72;19;101;48;2;72;26;108m▀[0m[38;2;72;19;102;48;2;68;2;85m▀[0m[38;2;72;19;102;48;2;68;2;85m▀[0m[38;2;72;23;105;48;2;72;38;118m▀[0m[38;2;72;30;111;48;2;72;34;115m▀[0m[38;2;72;30;111;48;2;72;34;115m▀[0m[38;2;71;13;96;48;2;68;1;84m▀[0m[38;2;68;1;84;48;2;70;8;91m▀[0m[38;2;70;10;93;48;2;71;18;100m▀[0m[38;2;70;10;93;48;2;71;18;100m▀[0m[38;2;72;21;103;48;2;72;31;113m▀[0m[38;2;71;16;99;48;2;69;7;90m▀[0m[38;2;71;16;99;48;2;69;7;90m▀[0m[38;2;72;25;107;48;2;72;21;104m▀[0m[38;2;70;8;91;48;2;72;29;111m▀[0m[38;2;70;8;91;48;2;72;29;111m▀[0m[38;2;72;24;106;48;2;70;9;92m▀[0m[38;2;72;36;116;48;2;71;16;99m▀[0m[38;2;69;5;88;48;2;72;34;115m▀[0m[38;2;69;5;88;48;2;72;34;115m▀[0m[38;2;71;43;122;48;2;70;7;90m▀[0m[38;2;69;5;88;48;2;71;14;97m▀[0m[38;2;69;5;88;48;2;71;14;97m▀[0m[38;2;69;56;130;48;2;72;23;105m▀[0m[38;2;72;40;120;48;2;72;24;106m▀[0m[38;2;72;40;120;48;2;72;24;106m▀[0m[38;2;71;16;99;48;2;72;33;114m▀[0m[38;2;72;23;105;48;2;71;42;121m▀[0m
[2m  +0.277 [0m[38;2;71;15;98;48;2;71;12;95m▀[0m[38;2;71;15;98;48;2;71;12;95m▀[0m[38;2;72;33;114;48;2;72;31;112m▀[0m[38;2;72;24;106;48;2;71;15;98m▀[0m[38;2;72;24;106;48;2;71;15;98m▀[0m[38;2;72;23;105;48;2;72;30;112m▀[0m[38;2;72;28;110;48;2;72;24;106m▀[0m[38;2;72;28;110;48;2;72;24;106m▀[0m[38;2;72;24;106;48;2;71;41;120m▀[0m[38;2;68;1;84;48;2;72;35;116m▀[0m[38;2;68;1;84;48;2;71;13;96m▀[0m[38;2;68;1;84;48;2;71;13;96m▀[0m[38;2;72;34;115;48;2;71;17;100m▀[0m[38;2;72;27;109;48;2;72;30;111m▀[0m[38;2;72;27;109;48;2;72;30;111m▀[0m[38;2;72;39;119;48;2;71;48;125m▀[0m[38;2;69;4;87;48;2;71;17;100m▀[0m[38;2;69;4;87;48;2;71;17;100m▀[0m[38;2;72;25;107;48;2;71;15;98m▀[0m[38;2;68;1;84;48;2;71;48;125m▀[0m[38;2;72;22;104;48;2;68;2;85m▀[0m[38;2;72;22;104;48;2;68;2;85m▀[0m[38;2;72;36;116;48;2;70;11;94m▀[0m[38;2;72;21;103;48;2;72;28;109m▀[0m[38;2;72;21;103;48;2;72;28;109m▀[0m[38;2;71;15;98;48;2;72;22;104m▀[0m[38;2;72;24;106;48;2;72;25;106m▀[0m[38;2;72;24;106;48;2;72;25;106m▀[0m[38;2;72;36;117;48;2;71;12;95m▀[0m[38;2;71;17;100;48;2;72;38;118m▀[0m[38;2;71;15;98;48;2;68;2;85m▀[0m[38;2;71;15;98;48;2;68;2;85m▀[0m[38;2;72;35;116;48;2;71;41;120m▀[0m[38;2;72;22;104;48;2;68;1;84m▀[0m[38;2;72;22;104;48;2;68;1;84m▀[0m[38;2;72;28;110;48;2;69;7;90m▀[0m[38;2;71;14;97;48;2;71;17;100m▀[0m[38;2;71;14;97;48;2;71;17;100m▀[0m[38;2;72;30;112;48;2;70;11;94m▀[0m[38;2;72;34;115;48;2;72;22;104m▀[0m[38;2;71;41;120;48;2;72;26;108m▀[0m[38;2;71;41;120;48;2;72;26;108m▀[0m[38;2;72;32;113;48;2;71;12;95m▀[0m[38;2;72;28;110;48;2;72;24;106m▀[0m[38;2;72;28;110;48;2;72;24;106m▀[0m[38;2;72;19;101;48;2;72;29;111m▀[0m[38;2;72;22;104;48;2;72;36;117m▀[0m[38;2;72;22;104;48;2;72;36;117m▀[0m[38;2;72;27;108;48;2;72;26;108m▀[0m[38;2;70;9;92;48;2;72;21;103m▀[0m[38;2;72;33;115;48;2;72;38;118m▀[0m[38;2;72;33;115;48;2;72;38;118m▀[0m[38;2;72;33;115;48;2;71;11;94m▀[0m[38;2;72;40;120;48;2;71;12;95m▀[0m[38;2;72;40;120;48;2;71;12;95m▀[0m[38;2;71;17;100;48;2;72;23;105m▀[0m[38;2;71;16;98;48;2;72;26;108m▀[0m[38;2;71;16;98;48;2;72;26;108m▀[0m[38;2;72;24;106;48;2;72;31;112m▀[0m[38;2;72;30;111;48;2;72;27;109m▀[0m[38;2;68;2;85;48;2;70;7;90m▀[0m[38;2;68;2;85;48;2;70;7;90m▀[0m[38;2;68;1;84;48;2;68;1;84m▀[0m[38;2;72;20;102;48;2;72;24;106m▀[0m[38;2;72;20;102;48;2;72;24;106m▀[0m[38;2;72;31;113;48;2;72;19;101m▀[0m[38;2;70;10;93;48;2;72;30;112m▀[0m[38;2;70;10;93;48;2;72;30;112m▀[0m[38;2;71;42;121;48;2;71;14;97m▀[0m[38;2;72;36;117;48;2;72;26;108m▀[0m[38;2;72;25;107;48;2;68;1;84m▀[0m[38;2;72;25;107;48;2;68;1;84m▀[0m[38;2;71;13;96;48;2;72;26;108m▀[0m[38;2;70;8;91;48;2;72;32;113m▀[0m[38;2;70;8;91;48;2;72;32;113m▀[0m[38;2;70;9;92;48;2;72;21;103m▀[0m[38;2;72;39;119;48;2;72;33;114m▀[0m[38;2;72;39;119;48;2;72;33;114m▀[0m[38;2;72;24;106;48;2;68;1;84m▀[0m[38;2;72;33;114;48;2;72;31;112m▀[0m[38;2;68;1;84;48;2;72;23;105m▀[0m[38;2;68;1;84;48;2;72;23;105m▀[0m[38;2;72;19;101;48;2;72;21;103m▀[0m[38;2;72;21;104;48;2;72;22;104m▀[0m[38;2;72;21;104;48;2;72;22;104m▀[0m[38;2;70;8;91;48;2;71;13;96m▀[0m[38;2;71;18;100;48;2;71;18;101m▀[0m[38;2;71;18;100;48;2;71;18;101m▀[0m[38;2;71;44;123;48;2;72;39;119m▀[0m[38;2;68;1;84;48;2;72;19;102m▀[0m
[2m  +0.234 [0m[38;2;72;30;112;48;2;72;24;106m▀[0m[38;2;72;30;112;48;2;72;24;106m▀[0m[38;2;71;15;98;48;2;72;31;112m▀[0m[38;2;72;19;102;48;2;72;29;111m▀[0m[38;2;72;19;102;48;2;72;29;111m▀[0m[38;2;72;33;114;48;2;72;34;115m▀[0m[38;2;71;13;96;48;2;72;25;107m▀[0m[38;2;71;13;96;48;2;72;25;107m▀[0m[38;2;72;27;109;48;2;72;28;109m▀[0m[38;2;71;18;100;48;2;71;15;98m▀[0m[38;2;72;26;108;48;2;71;14;97m▀[0m[38;2;72;26;108;48;2;71;14;97m▀[0m[38;2;69;5;88;48;2;72;31;112m▀[0m[38;2;71;14;97;48;2;69;6;89m▀[0m[38;2;71;14;97;48;2;69;6;89m▀[0m[38;2;72;25;107;48;2;72;35;116m▀[0m[38;2;72;21;103;48;2;72;28;110m▀[0m[38;2;72;21;103;48;2;72;28;110m▀[0m[38;2;72;27;108;48;2;72;34;115m▀[0m[38;2;72;23;105;48;2;71;11;94m▀[0m[38;2;71;14;97;48;2;72;24;106m▀[0m[38;2;71;14;97;48;2;72;24;106m▀[0m[38;2;72;27;109;48;2;72;26;108m▀[0m[38;2;71;45;123;48;2;72;21;103m▀[0m[38;2;71;45;123;48;2;72;21;103m▀[0m[38;2;70;8;91;48;2;68;1;84m▀[0m[38;2;69;4;87;48;2;72;19;102m▀[0m[38;2;69;4;87;48;2;72;19;102m▀[0m[38;2;72;27;109;48;2;68;1;84m▀[0m[38;2;72;24;106;48;2;72;32;114m▀[0m[38;2;71;12;95;48;2;72;32;114m▀[0m[38;2;71;12;95;48;2;72;32;114m▀[0m[38;2;72;25;107;48;2;70;9;92m▀[0m[38;2;71;17;100;48;2;72;27;109m▀[0m[38;2;71;17;100;48;2;72;27;109m▀[0m[38;2;68;1;84;48;2;71;17;99m▀[0m[38;2;71;13;96;48;2;72;31;112m▀[0m[38;2;71;13;96;48;2;72;31;112m▀[0m[38;2;72;33;114;48;2;69;6;89m▀[0m[38;2;72;38;118;48;2;72;23;105m▀[0m[38;2;71;14;97;48;2;69;7;90m▀[0m[38;2;71;14;97;48;2;69;7;90m▀[0m[38;2;71;18;100;48;2;72;31;113m▀[0m[38;2;72;27;108;48;2;72;30;111m▀[0m[38;2;72;27;108;48;2;72;30;111m▀[0m[38;2;72;39;119;48;2;68;1;84m▀[0m[38;2;71;44;122;48;2;69;6;89m▀[0m[38;2;71;44;122;48;2;69;6;89m▀[0m[38;2;72;23;105;48;2;72;29;111m▀[0m[38;2;72;19;102;48;2;71;12;95m▀[0m[38;2;72;36;117;48;2;68;1;84m▀[0m[38;2;72;36;117;48;2;68;1;84m▀[0m[38;2;71;15;97;48;2;72;36;117m▀[0m[38;2;72;23;105;48;2;72;25;107m▀[0m[38;2;72;23;105;48;2;72;25;107m▀[0m[38;2;71;47;125;48;2;72;33;114m▀[0m[38;2;72;37;117;48;2;72;22;104m▀[0m[38;2;72;37;117;48;2;72;22;104m▀[0m[38;2;72;20;102;48;2;72;23;105m▀[0m[38;2;71;15;97;48;2;71;16;99m▀[0m[38;2;72;36;116;48;2;70;9;92m▀[0m[38;2;72;36;116;48;2;70;9;92m▀[0m[38;2;72;36;117;48;2;70;9;92m▀[0m[38;2;72;29;111;48;2;69;7;90m▀[0m[38;2;72;29;111;48;2;69;7;90m▀[0m[38;2;72;31;112;48;2;71;14;97m▀[0m[38;2;72;35;116;48;2;72;27;108m▀[0m[38;2;72;35;116;48;2;72;27;108m▀[0m[38;2;72;20;102;48;2;72;36;116m▀[0m[38;2;70;7;90;48;2;71;42;121m▀[0m[38;2;72;31;112;48;2;72;34;115m▀[0m[38;2;72;31;112;48;2;72;34;115m▀[0m[38;2;72;19;101;48;2;71;16;99m▀[0m[38;2;72;32;113;48;2;72;30;112m▀[0m[38;2;72;32;113;48;2;72;30;112m▀[0m[38;2;72;24;106;48;2;70;52;128m▀[0m[38;2;72;32;113;48;2;72;22;104m▀[0m[38;2;72;32;113;48;2;72;22;104m▀[0m[38;2;72;34;115;48;2;68;1;84m▀[0m[38;2;71;14;97;48;2;72;25;107m▀[0m[38;2;71;15;97;48;2;72;34;115m▀[0m[38;2;71;15;97;48;2;72;34;115m▀[0m[38;2;71;15;98;48;2;70;51;127m▀[0m[38;2;71;13;96;48;2;68;3;86m▀[0m[38;2;71;13;96;48;2;68;3;86m▀[0m[38;2;72;21;103;48;2;72;33;114m▀[0m[38;2;69;6;89;48;2;71;16;99m▀[0m[38;2;69;6;89;48;2;71;16;99m▀[0m[38;2;70;9;92;48;2;70;8;91m▀[0m[38;2;71;16;98;48;2;71;42;121m▀[0m
[2m  +0.192 [0m[38;2;72;19;101;48;2;72;23;105m▀[0m[38;2;72;19;101;48;2;72;23;105m▀[0m[38;2;72;35;116;48;2;72;21;104m▀[0m[38;2;70;9;92;48;2;72;20;102m▀[0m[38;2;70;9;92;48;2;72;20;102m▀[0m[38;2;72;22;104;48;2;72;31;112m▀[0m[38;2;71;15;98;48;2;71;14;97m▀[0m[38;2;71;15;98;48;2;71;14;97m▀[0m[38;2;72;37;118;48;2;72;30;111m▀[0m[38;2;70;51;127;48;2;72;34;115m▀[0m[38;2;72;21;104;48;2;72;33;114m▀[0m[38;2;72;21;104;48;2;72;33;114m▀[0m[38;2;68;1;84;48;2;71;14;97m▀[0m[38;2;68;1;84;48;2;72;29;110m▀[0m[38;2;68;1;84;48;2;72;29;110m▀[0m[38;2;72;21;103;48;2;72;36;117m▀[0m[38;2;72;32;113;48;2;69;6;89m▀[0m[38;2;72;32;113;48;2;69;6;89m▀[0m[38;2;72;24;106;48;2;72;21;104m▀[0m[38;2;71;14;97;48;2;72;35;116m▀[0m[38;2;69;6;89;48;2;70;8;91m▀[0m[38;2;69;6;89;48;2;70;8;91m▀[0m[38;2;70;9;92;48;2;71;42;121m▀[0m[38;2;71;17;100;48;2;71;17;100m▀[0m[38;2;71;17;100;48;2;71;17;100m▀[0m[38;2;72;26;108;48;2;72;39;119m▀[0m[38;2;72;32;113;48;2;68;3;86m▀[0m[38;2;72;32;113;48;2;68;3;86m▀[0m[38;2;71;18;100;48;2;72;22;104m▀[0m[38;2;72;26;108;48;2;70;8;91m▀[0m[38;2;72;36;117;48;2;72;28;110m▀[0m[38;2;72;36;117;48;2;72;28;110m▀[0m[38;2;72;27;109;48;2;70;11;94m▀[0m[38;2;72;32;114;48;2;71;17;99m▀[0m[38;2;72;32;114;48;2;71;17;99m▀[0m[38;2;72;39;119;48;2;71;13;96m▀[0m[38;2;71;42;121;48;2;68;1;84m▀[0m[38;2;71;42;121;48;2;68;1;84m▀[0m[38;2;70;9;92;48;2;72;27;109m▀[0m[38;2;72;24;106;48;2;70;10;93m▀[0m[38;2;70;8;91;48;2;72;40;120m▀[0m[38;2;70;8;91;48;2;72;40;120m▀[0m[38;2;72;26;108;48;2;72;33;114m▀[0m[38;2;68;1;84;48;2;72;21;103m▀[0m[38;2;68;1;84;48;2;72;21;103m▀[0m[38;2;69;5;88;48;2;72;26;107m▀[0m[38;2;70;10;93;48;2;72;33;114m▀[0m[38;2;70;10;93;48;2;72;33;114m▀[0m[38;2;72;35;116;48;2;72;36;117m▀[0m[38;2;71;17;100;48;2;72;20;102m▀[0m[38;2;72;29;111;48;2;68;1;84m▀[0m[38;2;72;29;111;48;2;68;1;84m▀[0m[38;2;72;22;104;48;2;72;30;111m▀[0m[38;2;71;46;124;48;2;72;25;106m▀[0m[38;2;71;46;124;48;2;72;25;106m▀[0m[38;2;71;14;97;48;2;70;9;92m▀[0m[38;2;70;10;93;48;2;71;17;100m▀[0m[38;2;70;10;93;48;2;71;17;100m▀[0m[38;2;71;16;99;48;2;70;10;93m▀[0m[38;2;72;39;119;48;2;72;23;105m▀[0m[38;2;72;22;105;48;2;72;24;106m▀[0m[38;2;72;22;105;48;2;72;24;106m▀[0m[38;2;71;13;96;48;2;71;12;95m▀[0m[38;2;72;26;108;48;2;71;12;95m▀[0m[38;2;72;26;108;48;2;71;12;95m▀[0m[38;2;71;42;121;48;2;72;22;104m▀[0m[38;2;69;6;89;48;2;72;32;113m▀[0m[38;2;69;6;89;48;2;72;32;113m▀[0m[38;2;72;29;111;48;2;72;30;111m▀[0m[38;2;72;30;111;48;2;72;22;104m▀[0m[38;2;71;15;98;48;2;70;8;91m▀[0m[38;2;71;15;98;48;2;70;8;91m▀[0m[38;2;69;56;130;48;2;72;39;119m▀[0m[38;2;70;10;93;48;2;71;17;100m▀[0m[38;2;70;10;93;48;2;71;17;100m▀[0m[38;2;69;5;88;48;2;68;1;84m▀[0m[38;2;70;8;91;48;2;72;22;104m▀[0m[38;2;70;8;91;48;2;72;22;104m▀[0m[38;2;68;1;84;48;2;72;38;118m▀[0m[38;2;70;50;126;48;2;72;26;107m▀[0m[38;2;71;16;99;48;2;72;28;110m▀[0m[38;2;71;16;99;48;2;72;28;110m▀[0m[38;2;71;15;98;48;2;69;7;90m▀[0m[38;2;71;17;99;48;2;72;27;109m▀[0m[38;2;71;17;99;48;2;72;27;109m▀[0m[38;2;72;34;115;48;2;72;22;104m▀[0m[38;2;72;35;116;48;2;72;34;115m▀[0m[38;2;72;35;116;48;2;72;34;115m▀[0m[38;2;71;17;99;48;2;72;36;117m▀[0m[38;2;71;15;98;48;2;71;42;121m▀[0m
[2m  +0.149 [0m[38;2;72;26;108;48;2;71;12;95m▀[0m[38;2;72;26;108;48;2;71;12;95m▀[0m[38;2;70;9;92;48;2;68;1;84m▀[0m[38;2;72;28;109;48;2;72;24;106m▀[0m[38;2;72;28;109;48;2;72;24;106m▀[0m[38;2;72;23;105;48;2;68;1;84m▀[0m[38;2;72;30;112;48;2;72;23;105m▀[0m[38;2;72;30;112;48;2;72;23;105m▀[0m[38;2;70;10;93;48;2;72;26;108m▀[0m[38;2;71;18;101;48;2;69;4;87m▀[0m[38;2;72;22;104;48;2;72;27;109m▀[0m[38;2;72;22;104;48;2;72;27;109m▀[0m[38;2;72;32;113;48;2;71;15;97m▀[0m[38;2;71;41;121;48;2;71;13;96m▀[0m[38;2;71;41;121;48;2;71;13;96m▀[0m[38;2;72;33;114;48;2;69;4;87m▀[0m[38;2;69;5;88;48;2;72;30;112m▀[0m[38;2;69;5;88;48;2;72;30;112m▀[0m[38;2;72;23;105;48;2;71;16;99m▀[0m[38;2;72;21;103;48;2;71;41;120m▀[0m[38;2;72;20;103;48;2;71;18;100m▀[0m[38;2;72;20;103;48;2;71;18;100m▀[0m[38;2;72;28;109;48;2;71;13;96m▀[0m[38;2;71;16;99;48;2;71;42;121m▀[0m[38;2;71;16;99;48;2;71;42;121m▀[0m[38;2;68;2;85;48;2;72;22;104m▀[0m[38;2;72;27;108;48;2;72;23;105m▀[0m[38;2;72;27;108;48;2;72;23;105m▀[0m[38;2;72;25;107;48;2;72;28;109m▀[0m[38;2;72;35;116;48;2;72;29;110m▀[0m[38;2;71;16;99;48;2;68;1;84m▀[0m[38;2;71;16;99;48;2;68;1;84m▀[0m[38;2;72;33;114;48;2;71;17;99m▀[0m[38;2;72;24;106;48;2;71;12;95m▀[0m[38;2;72;24;106;48;2;71;12;95m▀[0m[38;2;71;16;98;48;2;68;3;86m▀[0m[38;2;71;41;120;48;2;71;14;97m▀[0m[38;2;71;41;120;48;2;71;14;97m▀[0m[38;2;72;21;103;48;2;72;34;115m▀[0m[38;2;68;1;84;48;2;71;17;100m▀[0m[38;2;71;14;97;48;2;72;27;109m▀[0m[38;2;71;14;97;48;2;72;27;109m▀[0m[38;2;72;39;119;48;2;69;5;88m▀[0m[38;2;69;4;87;48;2;72;19;102m▀[0m[38;2;69;4;87;48;2;72;19;102m▀[0m[38;2;71;14;97;48;2;71;43;122m▀[0m[38;2;72;19;102;48;2;72;34;115m▀[0m[38;2;72;19;102;48;2;72;34;115m▀[0m[38;2;69;6;89;48;2;71;16;99m▀[0m[38;2;71;43;122;48;2;72;27;109m▀[0m[38;2;72;24;106;48;2;72;21;103m▀[0m[38;2;72;24;106;48;2;72;21;103m▀[0m[38;2;72;23;105;48;2;71;45;124m▀[0m[38;2;70;10;93;48;2;71;17;100m▀[0m[38;2;70;10;93;48;2;71;17;100m▀[0m[38;2;68;1;84;48;2;71;41;121m▀[0m[38;2;72;32;113;48;2;72;35;116m▀[0m[38;2;72;32;113;48;2;72;35;116m▀[0m[38;2;70;9;92;48;2;72;25;107m▀[0m[38;2;72;40;119;48;2;71;18;100m▀[0m[38;2;72;33;114;48;2;72;19;101m▀[0m[38;2;72;33;114;48;2;72;19;101m▀[0m[38;2;71;46;124;48;2;69;5;88m▀[0m[38;2;72;21;103;48;2;72;36;116m▀[0m[38;2;72;21;103;48;2;72;36;116m▀[0m[38;2;72;22;104;48;2;70;8;91m▀[0m[38;2;72;37;118;48;2;72;28;110m▀[0m[38;2;72;37;118;48;2;72;28;110m▀[0m[38;2;69;7;90;48;2;69;5;88m▀[0m[38;2;71;14;97;48;2;72;21;104m▀[0m[38;2;72;39;119;48;2;72;24;106m▀[0m[38;2;72;39;119;48;2;72;24;106m▀[0m[38;2;72;21;104;48;2;71;17;100m▀[0m[38;2;71;13;96;48;2;71;16;99m▀[0m[38;2;71;13;96;48;2;71;16;99m▀[0m[38;2;71;17;100;48;2;72;25;107m▀[0m[38;2;72;19;101;48;2;71;16;99m▀[0m[38;2;72;19;101;48;2;71;16;99m▀[0m[38;2;72;23;105;48;2;70;10;93m▀[0m[38;2;72;30;111;48;2;72;19;101m▀[0m[38;2;69;4;87;48;2;68;1;84m▀[0m[38;2;69;4;87;48;2;68;1;84m▀[0m[38;2;71;48;125;48;2;68;1;84m▀[0m[38;2;71;18;100;48;2;72;34;115m▀[0m[38;2;71;18;100;48;2;72;34;115m▀[0m[38;2;72;36;117;48;2;72;32;113m▀[0m[38;2;71;13;96;48;2;71;18;100m▀[0m[38;2;71;13;96;48;2;71;18;100m▀[0m[38;2;72;30;111;48;2;72;37;118m▀[0m[38;2;72;30;111;48;2;71;15;98m▀[0m
[2m  +0.106 [0m[38;2;72;37;118;48;2;253;231;37m▀[0m[38;2;72;37;118;48;2;253;231;37m▀[0m[38;2;68;1;84;48;2;253;231;37m▀[0m[38;2;71;17;100;48;2;253;231;37m▀[0m[38;2;71;17;100;48;2;253;231;37m▀[0m[38;2;72;21;104;48;2;253;231;37m▀[0m[38;2;72;40;120;48;2;253;231;37m▀[0m[38;2;72;40;120;48;2;253;231;37m▀[0m[38;2;72;32;113;48;2;253;231;37m▀[0m[38;2;72;23;105;48;2;253;231;37m▀[0m[38;2;71;15;98;48;2;253;231;37m▀[0m[38;2;71;15;98;48;2;253;231;37m▀[0m[38;2;71;16;99;48;2;253;231;37m▀[0m[38;2;72;33;114;48;2;253;231;37m▀[0m[38;2;72;33;114;48;2;253;231;37m▀[0m[38;2;71;12;95;48;2;253;231;37m▀[0m[38;2;72;20;103;48;2;253;231;37m▀[0m[38;2;72;20;103;48;2;253;231;37m▀[0m[38;2;72;31;112;48;2;253;231;37m▀[0m[38;2;72;30;112;48;2;253;231;37m▀[0m[38;2;72;20;102;48;2;253;231;37m▀[0m[38;2;72;20;102;48;2;253;231;37m▀[0m[38;2;70;9;92;48;2;252;231;37m▀[0m[38;2;71;43;122;48;2;253;231;37m▀[0m[38;2;71;43;122;48;2;253;231;37m▀[0m[38;2;68;1;84;48;2;253;231;37m▀[0m[38;2;72;19;102;48;2;253;231;37m▀[0m[38;2;72;19;102;48;2;253;231;37m▀[0m[38;2;71;17;100;48;2;253;231;37m▀[0m[38;2;72;23;105;48;2;253;231;37m▀[0m[38;2;68;1;84;48;2;253;231;37m▀[0m[38;2;68;1;84;48;2;253;231;37m▀[0m[38;2;72;20;102;48;2;253;231;37m▀[0m[38;2;71;15;98;48;2;253;231;37m▀[0m[38;2;71;15;98;48;2;253;231;37m▀[0m[38;2;72;35;116;48;2;253;231;37m▀[0m[38;2;70;8;91;48;2;252;231;37m▀[0m[38;2;70;8;91;48;2;252;231;37m▀[0m[38;2;71;17;99;48;2;253;231;37m▀[0m[38;2;72;35;116;48;2;253;231;37m▀[0m[38;2;72;31;112;48;2;253;231;37m▀[0m[38;2;72;31;112;48;2;253;231;37m▀[0m[38;2;72;19;102;48;2;253;231;37m▀[0m[38;2;68;2;85;48;2;253;231;37m▀[0m[38;2;68;2;85;48;2;253;231;37m▀[0m[38;2;71;13;96;48;2;253;231;37m▀[0m[38;2;71;13;96;48;2;252;231;37m▀[0m[38;2;71;13;96;48;2;252;231;37m▀[0m[38;2;71;48;125;48;2;253;231;37m▀[0m[38;2;70;10;93;48;2;253;231;37m▀[0m[38;2;72;24;106;48;2;253;231;37m▀[0m[38;2;72;24;106;48;2;253;231;37m▀[0m[38;2;72;29;111;48;2;253;231;37m▀[0m[38;2;72;25;107;48;2;253;231;37m▀[0m[38;2;72;25;107;48;2;253;231;37m▀[0m[38;2;71;41;121;48;2;253;231;37m▀[0m[38;2;72;26;107;48;2;253;231;37m▀[0m[38;2;72;26;107;48;2;253;231;37m▀[0m[38;2;72;23;105;48;2;253;231;37m▀[0m[38;2;72;39;119;48;2;253;231;37m▀[0m[38;2;68;1;84;48;2;253;231;37m▀[0m[38;2;68;1;84;48;2;253;231;37m▀[0m[38;2;72;33;114;48;2;253;231;37m▀[0m[38;2;72;25;107;48;2;253;231;37m▀[0m[38;2;72;25;107;48;2;253;231;37m▀[0m[38;2;68;1;84;48;2;253;231;37m▀[0m[38;2;71;16;98;48;2;253;231;37m▀[0m[38;2;71;16;98;48;2;253;231;37m▀[0m[38;2;70;9;92;48;2;253;231;37m▀[0m[38;2;71;15;98;48;2;253;231;37m▀[0m[38;2;72;28;110;48;2;253;231;37m▀[0m[38;2;72;28;110;48;2;253;231;37m▀[0m[38;2;68;1;84;48;2;253;231;37m▀[0m[38;2;70;11;94;48;2;253;231;37m▀[0m[38;2;70;11;94;48;2;253;231;37m▀[0m[38;2;72;19;102;48;2;253;231;37m▀[0m[38;2;72;34;115;48;2;253;231;37m▀[0m[38;2;72;34;115;48;2;253;231;37m▀[0m[38;2;72;30;111;48;2;253;231;37m▀[0m[38;2;70;50;127;48;2;253;231;37m▀[0m[38;2;69;6;89;48;2;253;231;37m▀[0m[38;2;69;6;89;48;2;253;231;37m▀[0m[38;2;72;31;112;48;2;253;231;37m▀[0m[38;2;72;37;117;48;2;253;231;37m▀[0m[38;2;72;37;117;48;2;253;231;37m▀[0m[38;2;71;16;99;48;2;253;231;37m▀[0m[38;2;72;23;105;48;2;253;231;37m▀[0m[38;2;72;23;105;48;2;253;231;37m▀[0m[38;2;72;32;113;48;2;253;231;37m▀[0m[38;2;72;29;111;48;2;253;231;37m▀[0m
[2m  +0.064 [0m[38;2;72;30;112;48;2;72;23;105m▀[0m[38;2;72;30;112;48;2;72;23;105m▀[0m[38;2;72;31;112;48;2;72;28;109m▀[0m[38;2;71;15;97;48;2;72;30;112m▀[0m[38;2;71;15;97;48;2;72;30;112m▀[0m[38;2;72;27;108;48;2;71;42;121m▀[0m[38;2;72;39;119;48;2;72;30;111m▀[0m[38;2;72;39;119;48;2;72;30;111m▀[0m[38;2;72;31;112;48;2;71;44;122m▀[0m[38;2;72;24;106;48;2;72;27;109m▀[0m[38;2;68;58;131;48;2;69;7;90m▀[0m[38;2;68;58;131;48;2;69;7;90m▀[0m[38;2;72;32;113;48;2;72;33;114m▀[0m[38;2;72;27;109;48;2;69;7;90m▀[0m[38;2;72;27;109;48;2;69;7;90m▀[0m[38;2;70;10;93;48;2;72;31;112m▀[0m[38;2;72;28;109;48;2;72;36;117m▀[0m[38;2;72;28;109;48;2;72;36;117m▀[0m[38;2;72;27;109;48;2;70;9;92m▀[0m[38;2;72;22;104;48;2;72;28;109m▀[0m[38;2;72;33;114;48;2;71;18;101m▀[0m[38;2;72;33;114;48;2;71;18;101m▀[0m[38;2;71;17;100;48;2;70;8;91m▀[0m[38;2;71;14;97;48;2;71;14;97m▀[0m[38;2;71;14;97;48;2;71;14;97m▀[0m[38;2;70;49;126;48;2;72;23;105m▀[0m[38;2;69;4;87;48;2;72;24;106m▀[0m[38;2;69;4;87;48;2;72;24;106m▀[0m[38;2;68;1;84;48;2;71;13;96m▀[0m[38;2;71;15;98;48;2;71;16;98m▀[0m[38;2;72;39;119;48;2;71;13;96m▀[0m[38;2;72;39;119;48;2;71;13;96m▀[0m[38;2;72;21;103;48;2;71;42;121m▀[0m[38;2;71;11;94;48;2;71;18;100m▀[0m[38;2;71;11;94;48;2;71;18;100m▀[0m[38;2;72;23;105;48;2;72;25;107m▀[0m[38;2;72;36;117;48;2;71;16;99m▀[0m[38;2;72;36;117;48;2;71;16;99m▀[0m[38;2;71;17;100;48;2;72;26;108m▀[0m[38;2;72;19;102;48;2;71;17;99m▀[0m[38;2;72;21;103;48;2;71;18;100m▀[0m[38;2;72;21;103;48;2;71;18;100m▀[0m[38;2;72;20;102;48;2;71;15;98m▀[0m[38;2;70;49;126;48;2;71;42;121m▀[0m[38;2;70;49;126;48;2;71;42;121m▀[0m[38;2;72;21;103;48;2;72;34;115m▀[0m[38;2;72;33;114;48;2;72;36;117m▀[0m[38;2;72;33;114;48;2;72;36;117m▀[0m[38;2;71;17;99;48;2;72;40;120m▀[0m[38;2;71;16;99;48;2;72;35;116m▀[0m[38;2;71;12;95;48;2;70;11;94m▀[0m[38;2;71;12;95;48;2;70;11;94m▀[0m[38;2;72;29;111;48;2;71;18;101m▀[0m[38;2;71;18;100;48;2;71;18;100m▀[0m[38;2;71;18;100;48;2;71;18;100m▀[0m[38;2;72;39;119;48;2;69;5;88m▀[0m[38;2;72;24;106;48;2;71;16;99m▀[0m[38;2;72;24;106;48;2;71;16;99m▀[0m[38;2;72;23;105;48;2;72;32;114m▀[0m[38;2;68;2;85;48;2;72;40;119m▀[0m[38;2;68;2;85;48;2;71;15;98m▀[0m[38;2;68;2;85;48;2;71;15;98m▀[0m[38;2;70;8;91;48;2;68;1;84m▀[0m[38;2;72;40;120;48;2;68;1;84m▀[0m[38;2;72;40;120;48;2;68;1;84m▀[0m[38;2;71;18;101;48;2;68;1;84m▀[0m[38;2;68;1;84;48;2;72;22;104m▀[0m[38;2;68;1;84;48;2;72;22;104m▀[0m[38;2;71;14;97;48;2;72;29;111m▀[0m[38;2;72;27;109;48;2;71;18;100m▀[0m[38;2;72;23;105;48;2;71;18;100m▀[0m[38;2;72;23;105;48;2;71;18;100m▀[0m[38;2;71;14;97;48;2;71;44;123m▀[0m[38;2;71;17;99;48;2;72;31;112m▀[0m[38;2;71;17;99;48;2;72;31;112m▀[0m[38;2;72;20;102;48;2;71;47;125m▀[0m[38;2;71;18;101;48;2;71;13;96m▀[0m[38;2;71;18;101;48;2;71;13;96m▀[0m[38;2;71;18;100;48;2;71;11;94m▀[0m[38;2;68;1;84;48;2;72;32;113m▀[0m[38;2;72;28;110;48;2;72;24;106m▀[0m[38;2;72;28;110;48;2;72;24;106m▀[0m[38;2;68;58;131;48;2;72;33;114m▀[0m[38;2;68;1;84;48;2;71;18;100m▀[0m[38;2;68;1;84;48;2;71;18;100m▀[0m[38;2;71;12;95;48;2;68;1;84m▀[0m[38;2;71;13;96;48;2;71;43;122m▀[0m[38;2;71;13;96;48;2;71;43;122m▀[0m[38;2;72;28;109;48;2;72;27;109m▀[0m[38;2;72;31;113;48;2;72;26;108m▀[0m
[2m  +0.021 [0m[38;2;72;21;103;48;2;72;39;119m▀[0m[38;2;72;21;103;48;2;72;39;119m▀[0m[38;2;68;1;84;48;2;72;33;114m▀[0m[38;2;69;3;86;48;2;72;34;115m▀[0m[38;2;69;3;86;48;2;72;34;115m▀[0m[38;2;72;19;101;48;2;72;21;103m▀[0m[38;2;72;31;113;48;2;72;26;108m▀[0m[38;2;72;31;113;48;2;72;26;108m▀[0m[38;2;72;22;104;48;2;70;9;92m▀[0m[38;2;72;21;103;48;2;72;27;108m▀[0m[38;2;72;23;105;48;2;72;32;113m▀[0m[38;2;72;23;105;48;2;72;32;113m▀[0m[38;2;72;31;112;48;2;72;32;114m▀[0m[38;2;71;15;98;48;2;71;15;98m▀[0m[38;2;71;15;98;48;2;71;15;98m▀[0m[38;2;70;9;92;48;2;68;1;84m▀[0m[38;2;71;12;95;48;2;71;15;98m▀[0m[38;2;71;12;95;48;2;71;15;98m▀[0m[38;2;72;25;107;48;2;72;38;118m▀[0m[38;2;68;1;84;48;2;71;16;99m▀[0m[38;2;72;31;112;48;2;71;41;120m▀[0m[38;2;72;31;112;48;2;71;41;120m▀[0m[38;2;72;28;109;48;2;70;8;91m▀[0m[38;2;70;11;94;48;2;72;35;116m▀[0m[38;2;70;11;94;48;2;72;35;116m▀[0m[38;2;72;19;102;48;2;70;7;90m▀[0m[38;2;72;33;114;48;2;72;25;107m▀[0m[38;2;72;33;114;48;2;72;25;107m▀[0m[38;2;72;39;119;48;2;72;27;109m▀[0m[38;2;68;1;84;48;2;72;32;114m▀[0m[38;2;72;24;106;48;2;68;1;84m▀[0m[38;2;72;24;106;48;2;68;1;84m▀[0m[38;2;71;43;122;48;2;72;36;117m▀[0m[38;2;72;20;102;48;2;72;20;102m▀[0m[38;2;72;20;102;48;2;72;20;102m▀[0m[38;2;69;6;89;48;2;71;18;101m▀[0m[38;2;70;10;93;48;2;72;29;111m▀[0m[38;2;70;10;93;48;2;72;29;111m▀[0m[38;2;71;17;100;48;2;72;25;107m▀[0m[38;2;71;46;124;48;2;71;16;99m▀[0m[38;2;72;19;102;48;2;72;19;101m▀[0m[38;2;72;19;102;48;2;72;19;101m▀[0m[38;2;72;35;116;48;2;72;25;107m▀[0m[38;2;72;28;110;48;2;72;26;107m▀[0m[38;2;72;28;110;48;2;72;26;107m▀[0m[38;2;72;38;118;48;2;71;13;96m▀[0m[38;2;68;1;84;48;2;72;34;115m▀[0m[38;2;68;1;84;48;2;72;34;115m▀[0m[38;2;72;25;107;48;2;72;24;106m▀[0m[38;2;72;27;108;48;2;72;23;105m▀[0m[38;2;71;41;120;48;2;72;25;107m▀[0m[38;2;71;41;120;48;2;72;25;107m▀[0m[38;2;72;20;102;48;2;72;39;119m▀[0m[38;2;72;19;101;48;2;72;29;111m▀[0m[38;2;72;19;101;48;2;72;29;111m▀[0m[38;2;70;9;92;48;2;68;1;84m▀[0m[38;2;70;9;92;48;2;72;20;103m▀[0m[38;2;70;9;92;48;2;72;20;103m▀[0m[38;2;72;23;105;48;2;72;36;117m▀[0m[38;2;69;4;87;48;2;72;32;113m▀[0m[38;2;72;29;111;48;2;68;1;84m▀[0m[38;2;72;29;111;48;2;68;1;84m▀[0m[38;2;72;22;105;48;2;71;15;97m▀[0m[38;2;71;46;124;48;2;71;44;123m▀[0m[38;2;71;46;124;48;2;71;44;123m▀[0m[38;2;71;14;97;48;2;72;29;111m▀[0m[38;2;72;29;110;48;2;71;14;97m▀[0m[38;2;72;29;110;48;2;71;14;97m▀[0m[38;2;70;8;91;48;2;72;20;103m▀[0m[38;2;72;24;106;48;2;72;23;105m▀[0m[38;2;70;9;92;48;2;72;25;107m▀[0m[38;2;70;9;92;48;2;72;25;107m▀[0m[38;2;72;38;118;48;2;71;11;94m▀[0m[38;2;72;29;111;48;2;71;48;125m▀[0m[38;2;72;29;111;48;2;71;48;125m▀[0m[38;2;72;20;103;48;2;71;41;120m▀[0m[38;2;68;2;85;48;2;71;12;95m▀[0m[38;2;68;2;85;48;2;71;12;95m▀[0m[38;2;72;20;103;48;2;72;19;102m▀[0m[38;2;71;13;96;48;2;72;26;108m▀[0m[38;2;72;29;110;48;2;72;33;114m▀[0m[38;2;72;29;110;48;2;72;33;114m▀[0m[38;2;71;13;96;48;2;72;39;119m▀[0m[38;2;72;31;113;48;2;68;2;85m▀[0m[38;2;72;31;113;48;2;68;2;85m▀[0m[38;2;72;34;115;48;2;71;42;121m▀[0m[38;2;71;13;96;48;2;72;36;117m▀[0m[38;2;71;13;96;48;2;72;36;117m▀[0m[38;2;72;31;112;48;2;72;36;116m▀[0m[38;2;72;36;117;48;2;72;19;101m▀[0m
[2m  -0.021 [0m[38;2;72;21;104;48;2;72;20;103m▀[0m[38;2;72;21;104;48;2;72;20;103m▀[0m[38;2;72;19;101;48;2;72;22;104m▀[0m[38;2;72;26;108;48;2;68;1;84m▀[0m[38;2;72;26;108;48;2;68;1;84m▀[0m[38;2;72;28;110;48;2;72;23;105m▀[0m[38;2;72;26;108;48;2;72;40;120m▀[0m[38;2;72;26;108;48;2;72;40;120m▀[0m[38;2;71;44;123;48;2;70;10;93m▀[0m[38;2;71;42;121;48;2;72;31;112m▀[0m[38;2;72;24;106;48;2;72;22;104m▀[0m[38;2;72;24;106;48;2;72;22;104m▀[0m[38;2;72;23;105;48;2;70;9;92m▀[0m[38;2;72;25;107;48;2;71;18;101m▀[0m[38;2;72;25;107;48;2;71;18;101m▀[0m[38;2;72;35;116;48;2;72;20;102m▀[0m[38;2;72;29;110;48;2;72;23;105m▀[0m[38;2;72;29;110;48;2;72;23;105m▀[0m[38;2;71;13;96;48;2;70;9;92m▀[0m[38;2;71;12;95;48;2;72;22;104m▀[0m[38;2;68;2;85;48;2;72;19;101m▀[0m[38;2;68;2;85;48;2;72;19;101m▀[0m[38;2;71;13;96;48;2;72;28;109m▀[0m[38;2;68;1;84;48;2;72;26;108m▀[0m[38;2;68;1;84;48;2;72;26;108m▀[0m[38;2;71;18;101;48;2;72;31;113m▀[0m[38;2;72;25;107;48;2;72;24;106m▀[0m[38;2;72;25;107;48;2;72;24;106m▀[0m[38;2;72;35;116;48;2;70;7;90m▀[0m[38;2;69;4;87;48;2;72;27;109m▀[0m[38;2;71;13;96;48;2;72;23;105m▀[0m[38;2;71;13;96;48;2;72;23;105m▀[0m[38;2;71;43;122;48;2;70;8;91m▀[0m[38;2;71;42;121;48;2;69;7;90m▀[0m[38;2;71;42;121;48;2;69;7;90m▀[0m[38;2;72;19;102;48;2;68;1;84m▀[0m[38;2;71;12;95;48;2;71;13;96m▀[0m[38;2;71;12;95;48;2;71;13;96m▀[0m[38;2;72;23;105;48;2;72;40;120m▀[0m[38;2;72;19;101;48;2;71;17;100m▀[0m[38;2;71;12;95;48;2;69;6;89m▀[0m[38;2;71;12;95;48;2;69;6;89m▀[0m[38;2;72;33;114;48;2;70;10;93m▀[0m[38;2;71;41;120;48;2;70;7;90m▀[0m[38;2;71;41;120;48;2;70;7;90m▀[0m[38;2;72;36;116;48;2;70;9;92m▀[0m[38;2;72;32;114;48;2;70;9;92m▀[0m[38;2;72;32;114;48;2;70;9;92m▀[0m[38;2;72;37;117;48;2;72;32;113m▀[0m[38;2;72;32;114;48;2;72;27;109m▀[0m[38;2;68;1;84;48;2;70;8;91m▀[0m[38;2;68;1;84;48;2;70;8;91m▀[0m[38;2;72;25;107;48;2;72;28;110m▀[0m[38;2;68;2;85;48;2;68;1;84m▀[0m[38;2;68;2;85;48;2;68;1;84m▀[0m[38;2;70;11;94;48;2;71;15;98m▀[0m[38;2;69;5;88;48;2;72;38;118m▀[0m[38;2;69;5;88;48;2;72;38;118m▀[0m[38;2;72;21;103;48;2;71;18;101m▀[0m[38;2;69;7;90;48;2;72;27;109m▀[0m[38;2;72;24;106;48;2;70;10;93m▀[0m[38;2;72;24;106;48;2;70;10;93m▀[0m[38;2;72;20;102;48;2;72;36;116m▀[0m[38;2;72;21;103;48;2;72;33;114m▀[0m[38;2;72;21;103;48;2;72;33;114m▀[0m[38;2;71;46;124;48;2;72;35;116m▀[0m[38;2;72;25;107;48;2;71;15;98m▀[0m[38;2;72;25;107;48;2;71;15;98m▀[0m[38;2;72;34;115;48;2;68;1;84m▀[0m[38;2;71;14;97;48;2;72;29;110m▀[0m[38;2;72;28;109;48;2;71;13;96m▀[0m[38;2;72;28;109;48;2;71;13;96m▀[0m[38;2;71;43;122;48;2;71;16;99m▀[0m[38;2;72;21;103;48;2;72;29;111m▀[0m[38;2;72;21;103;48;2;72;29;111m▀[0m[38;2;72;34;115;48;2;71;12;95m▀[0m[38;2;71;18;100;48;2;69;5;88m▀[0m[38;2;71;18;100;48;2;69;5;88m▀[0m[38;2;72;31;112;48;2;72;24;106m▀[0m[38;2;71;11;94;48;2;71;11;94m▀[0m[38;2;70;10;93;48;2;72;27;109m▀[0m[38;2;70;10;93;48;2;72;27;109m▀[0m[38;2;70;8;91;48;2;68;1;84m▀[0m[38;2;72;26;108;48;2;71;43;122m▀[0m[38;2;72;26;108;48;2;71;43;122m▀[0m[38;2;72;23;105;48;2;72;26;107m▀[0m[38;2;71;42;121;48;2;72;26;108m▀[0m[38;2;71;42;121;48;2;72;26;108m▀[0m[38;2;68;1;84;48;2;72;34;115m▀[0m[38;2;70;7;90;48;2;68;3;86m▀[0m
[2m  -0.064 [0m[38;2;71;16;99;48;2;72;36;117m▀[0m[38;2;71;16;99;48;2;72;36;117m▀[0m[38;2;72;30;112;48;2;70;7;90m▀[0m[38;2;68;1;84;48;2;72;20;103m▀[0m[38;2;68;1;84;48;2;72;20;103m▀[0m[38;2;71;12;95;48;2;69;5;88m▀[0m[38;2;68;2;85;48;2;72;38;118m▀[0m[38;2;68;2;85;48;2;72;38;118m▀[0m[38;2;72;35;116;48;2;71;17;100m▀[0m[38;2;71;18;101;48;2;68;2;85m▀[0m[38;2;71;18;101;48;2;71;15;97m▀[0m[38;2;71;18;101;48;2;71;15;97m▀[0m[38;2;72;23;105;48;2;71;45;123m▀[0m[38;2;70;7;90;48;2;72;39;119m▀[0m[38;2;70;7;90;48;2;72;39;119m▀[0m[38;2;72;26;108;48;2;70;7;90m▀[0m[38;2;72;31;113;48;2;69;4;87m▀[0m[38;2;72;31;113;48;2;69;4;87m▀[0m[38;2;72;23;105;48;2;71;17;99m▀[0m[38;2;72;37;117;48;2;72;39;119m▀[0m[38;2;70;10;93;48;2;72;29;110m▀[0m[38;2;70;10;93;48;2;72;29;110m▀[0m[38;2;72;23;105;48;2;71;14;97m▀[0m[38;2;72;25;107;48;2;72;20;102m▀[0m[38;2;72;25;107;48;2;72;20;102m▀[0m[38;2;71;16;99;48;2;72;24;106m▀[0m[38;2;71;14;97;48;2;71;17;100m▀[0m[38;2;71;14;97;48;2;71;17;100m▀[0m[38;2;71;13;96;48;2;72;26;108m▀[0m[38;2;70;49;126;48;2;72;23;105m▀[0m[38;2;71;16;99;48;2;72;29;110m▀[0m[38;2;71;16;99;48;2;72;29;110m▀[0m[38;2;72;32;113;48;2;71;17;100m▀[0m[38;2;71;14;97;48;2;70;49;126m▀[0m[38;2;71;14;97;48;2;70;49;126m▀[0m[38;2;68;1;84;48;2;72;23;105m▀[0m[38;2;72;29;110;48;2;70;50;126m▀[0m[38;2;72;29;110;48;2;70;50;126m▀[0m[38;2;71;46;124;48;2;71;44;122m▀[0m[38;2;72;30;111;48;2;68;1;84m▀[0m[38;2;72;21;103;48;2;72;23;105m▀[0m[38;2;72;21;103;48;2;72;23;105m▀[0m[38;2;72;37;117;48;2;69;6;89m▀[0m[38;2;72;24;106;48;2;72;26;108m▀[0m[38;2;72;24;106;48;2;72;26;108m▀[0m[38;2;72;31;112;48;2;71;41;121m▀[0m[38;2;72;21;103;48;2;72;34;115m▀[0m[38;2;72;21;103;48;2;72;34;115m▀[0m[38;2;69;3;86;48;2;72;20;103m▀[0m[38;2;72;33;114;48;2;68;1;84m▀[0m[38;2;68;2;85;48;2;69;4;87m▀[0m[38;2;68;2;85;48;2;69;4;87m▀[0m[38;2;72;26;108;48;2;72;28;110m▀[0m[38;2;71;13;96;48;2;72;37;117m▀[0m[38;2;71;13;96;48;2;72;37;117m▀[0m[38;2;71;16;99;48;2;72;28;110m▀[0m[38;2;72;24;106;48;2;71;15;98m▀[0m[38;2;72;24;106;48;2;71;15;98m▀[0m[38;2;70;8;91;48;2;72;25;107m▀[0m[38;2;69;6;89;48;2;72;31;113m▀[0m[38;2;72;35;116;48;2;69;4;87m▀[0m[38;2;72;35;116;48;2;69;4;87m▀[0m[38;2;71;12;95;48;2;69;5;88m▀[0m[38;2;68;1;84;48;2;71;18;101m▀[0m[38;2;68;1;84;48;2;71;18;101m▀[0m[38;2;72;25;107;48;2;71;44;123m▀[0m[38;2;71;13;96;48;2;71;16;98m▀[0m[38;2;71;13;96;48;2;71;16;98m▀[0m[38;2;72;25;107;48;2;72;39;119m▀[0m[38;2;72;27;109;48;2;70;10;93m▀[0m[38;2;72;27;109;48;2;70;9;92m▀[0m[38;2;72;27;109;48;2;70;9;92m▀[0m[38;2;72;33;114;48;2;72;20;102m▀[0m[38;2;72;25;107;48;2;71;16;99m▀[0m[38;2;72;25;107;48;2;71;16;99m▀[0m[38;2;72;22;104;48;2;72;36;117m▀[0m[38;2;72;26;108;48;2;71;14;97m▀[0m[38;2;72;26;108;48;2;71;14;97m▀[0m[38;2;72;27;109;48;2;72;20;102m▀[0m[38;2;71;18;101;48;2;68;2;85m▀[0m[38;2;72;27;108;48;2;72;21;103m▀[0m[38;2;72;27;108;48;2;72;21;103m▀[0m[38;2;72;24;106;48;2;72;26;108m▀[0m[38;2;72;29;110;48;2;72;27;108m▀[0m[38;2;72;29;110;48;2;72;27;108m▀[0m[38;2;71;17;100;48;2;71;46;124m▀[0m[38;2;70;10;93;48;2;70;11;94m▀[0m[38;2;70;10;93;48;2;70;11;94m▀[0m[38;2;71;43;122;48;2;72;35;116m▀[0m[38;2;72;25;107;48;2;71;48;125m▀[0m
[2m  -0.107 [0m[38;2;72;28;109;48;2;72;20;102m▀[0m[38;2;72;28;109;48;2;72;20;102m▀[0m[38;2;68;1;84;48;2;72;25;107m▀[0m[38;2;71;15;98;48;2;71;47;125m▀[0m[38;2;71;15;98;48;2;71;47;125m▀[0m[38;2;72;40;120;48;2;72;37;118m▀[0m[38;2;68;1;84;48;2;72;19;101m▀[0m[38;2;68;1;84;48;2;72;19;101m▀[0m[38;2;72;31;113;48;2;69;3;86m▀[0m[38;2;72;22;104;48;2;72;38;118m▀[0m[38;2;72;20;102;48;2;71;44;122m▀[0m[38;2;72;20;102;48;2;71;44;122m▀[0m[38;2;72;23;105;48;2;72;29;111m▀[0m[38;2;72;19;102;48;2;69;6;89m▀[0m[38;2;72;19;102;48;2;69;6;89m▀[0m[38;2;72;28;110;48;2;72;33;114m▀[0m[38;2;71;12;95;48;2;71;12;95m▀[0m[38;2;71;12;95;48;2;71;12;95m▀[0m[38;2;68;3;86;48;2;68;1;84m▀[0m[38;2;68;1;84;48;2;72;21;104m▀[0m[38;2;71;14;97;48;2;72;34;115m▀[0m[38;2;71;14;97;48;2;72;34;115m▀[0m[38;2;72;24;106;48;2;72;35;116m▀[0m[38;2;72;38;118;48;2;72;22;104m▀[0m[38;2;72;38;118;48;2;72;22;104m▀[0m[38;2;68;1;84;48;2;72;23;105m▀[0m[38;2;72;29;111;48;2;71;42;121m▀[0m[38;2;72;29;111;48;2;71;42;121m▀[0m[38;2;71;17;100;48;2;72;22;104m▀[0m[38;2;72;24;106;48;2;72;28;110m▀[0m[38;2;71;14;97;48;2;71;46;124m▀[0m[38;2;71;14;97;48;2;71;46;124m▀[0m[38;2;71;13;96;48;2;72;28;109m▀[0m[38;2;72;20;102;48;2;70;53;128m▀[0m[38;2;72;20;102;48;2;70;53;128m▀[0m[38;2;72;20;102;48;2;72;30;112m▀[0m[38;2;68;2;85;48;2;71;16;99m▀[0m[38;2;68;2;85;48;2;71;16;99m▀[0m[38;2;72;31;112;48;2;72;26;108m▀[0m[38;2;70;11;94;48;2;72;20;103m▀[0m[38;2;68;1;84;48;2;68;1;84m▀[0m[38;2;68;1;84;48;2;68;1;84m▀[0m[38;2;72;35;116;48;2;72;26;108m▀[0m[38;2;71;43;122;48;2;71;18;100m▀[0m[38;2;71;43;122;48;2;71;18;100m▀[0m[38;2;72;25;107;48;2;72;28;110m▀[0m[38;2;72;22;105;48;2;72;22;105m▀[0m[38;2;72;22;105;48;2;72;22;105m▀[0m[38;2;72;37;117;48;2;72;27;109m▀[0m[38;2;72;26;108;48;2;72;20;102m▀[0m[38;2;72;19;102;48;2;72;36;116m▀[0m[38;2;72;19;102;48;2;72;36;116m▀[0m[38;2;71;13;96;48;2;68;2;85m▀[0m[38;2;72;37;117;48;2;70;9;92m▀[0m[38;2;72;37;117;48;2;70;9;92m▀[0m[38;2;72;40;120;48;2;71;12;95m▀[0m[38;2;72;39;119;48;2;69;4;87m▀[0m[38;2;72;39;119;48;2;69;4;87m▀[0m[38;2;72;32;114;48;2;69;7;90m▀[0m[38;2;72;33;114;48;2;68;1;84m▀[0m[38;2;72;38;118;48;2;68;2;85m▀[0m[38;2;72;38;118;48;2;68;2;85m▀[0m[38;2;72;28;109;48;2;72;30;112m▀[0m[38;2;71;46;124;48;2;72;35;116m▀[0m[38;2;71;46;124;48;2;72;35;116m▀[0m[38;2;72;38;118;48;2;71;48;125m▀[0m[38;2;72;20;103;48;2;71;41;120m▀[0m[38;2;72;20;103;48;2;71;41;120m▀[0m[38;2;72;25;107;48;2;72;22;104m▀[0m[38;2;72;21;103;48;2;72;19;101m▀[0m[38;2;72;22;104;48;2;71;18;100m▀[0m[38;2;72;22;104;48;2;71;18;100m▀[0m[38;2;71;15;98;48;2;72;24;106m▀[0m[38;2;70;10;93;48;2;69;5;88m▀[0m[38;2;70;10;93;48;2;69;5;88m▀[0m[38;2;70;8;91;48;2;71;17;100m▀[0m[38;2;71;43;122;48;2;69;5;88m▀[0m[38;2;71;43;122;48;2;69;5;88m▀[0m[38;2;72;34;115;48;2;71;12;95m▀[0m[38;2;72;35;116;48;2;72;32;113m▀[0m[38;2;71;14;97;48;2;72;30;111m▀[0m[38;2;71;14;97;48;2;72;30;111m▀[0m[38;2;72;30;111;48;2;68;2;85m▀[0m[38;2;72;30;111;48;2;69;3;86m▀[0m[38;2;72;30;111;48;2;69;3;86m▀[0m[38;2;72;25;107;48;2;72;19;102m▀[0m[38;2;71;14;97;48;2;72;23;105m▀[0m[38;2;71;14;97;48;2;72;23;105m▀[0m[38;2;72;22;104;48;2;72;23;105m▀[0m[38;2;72;39;119;48;2;71;46;124m▀[0m
[2m  -0.149 [0m[38;2;72;34;115;48;2;72;25;107m▀[0m[38;2;72;34;115;48;2;72;25;107m▀[0m[38;2;68;1;84;48;2;68;1;84m▀[0m[38;2;71;15;98;48;2;68;1;84m▀[0m[38;2;71;15;98;48;2;68;1;84m▀[0m[38;2;72;24;106;48;2;72;34;115m▀[0m[38;2;72;32;113;48;2;71;11;94m▀[0m[38;2;72;32;113;48;2;71;11;94m▀[0m[38;2;71;14;96;48;2;71;42;121m▀[0m[38;2;72;31;112;48;2;72;29;111m▀[0m[38;2;72;37;117;48;2;68;1;84m▀[0m[38;2;72;37;117;48;2;68;1;84m▀[0m[38;2;68;1;84;48;2;70;9;92m▀[0m[38;2;71;18;100;48;2;71;13;96m▀[0m[38;2;71;18;100;48;2;71;13;96m▀[0m[38;2;72;28;110;48;2;72;31;113m▀[0m[38;2;72;26;108;48;2;72;28;110m▀[0m[38;2;72;26;108;48;2;72;28;110m▀[0m[38;2;72;22;104;48;2;72;19;101m▀[0m[38;2;72;37;117;48;2;71;41;120m▀[0m[38;2;72;28;109;48;2;72;40;120m▀[0m[38;2;72;28;109;48;2;72;40;120m▀[0m[38;2;72;19;101;48;2;72;34;115m▀[0m[38;2;68;2;85;48;2;71;16;98m▀[0m[38;2;68;2;85;48;2;71;16;98m▀[0m[38;2;72;32;114;48;2;71;18;101m▀[0m[38;2;72;26;108;48;2;72;33;114m▀[0m[38;2;72;26;108;48;2;72;33;114m▀[0m[38;2;71;42;121;48;2;71;18;100m▀[0m[38;2;72;36;117;48;2;72;25;107m▀[0m[38;2;72;26;107;48;2;72;24;106m▀[0m[38;2;72;26;107;48;2;72;24;106m▀[0m[38;2;71;16;99;48;2;72;35;116m▀[0m[38;2;71;11;94;48;2;71;41;120m▀[0m[38;2;71;11;94;48;2;71;41;120m▀[0m[38;2;72;19;101;48;2;71;18;101m▀[0m[38;2;71;18;100;48;2;72;21;104m▀[0m[38;2;71;18;100;48;2;72;21;104m▀[0m[38;2;72;22;104;48;2;72;36;117m▀[0m[38;2;72;31;113;48;2;68;1;84m▀[0m[38;2;72;33;114;48;2;72;25;107m▀[0m[38;2;72;33;114;48;2;72;25;107m▀[0m[38;2;71;45;123;48;2;71;18;100m▀[0m[38;2;69;5;88;48;2;72;25;107m▀[0m[38;2;69;5;88;48;2;72;25;107m▀[0m[38;2;72;40;119;48;2;72;28;109m▀[0m[38;2;72;31;112;48;2;72;33;115m▀[0m[38;2;72;31;112;48;2;72;33;115m▀[0m[38;2;71;18;101;48;2;71;16;98m▀[0m[38;2;68;1;84;48;2;72;26;107m▀[0m[38;2;71;14;97;48;2;69;6;89m▀[0m[38;2;71;14;97;48;2;69;6;89m▀[0m[38;2;72;37;117;48;2;71;15;98m▀[0m[38;2;71;18;101;48;2;71;12;95m▀[0m[38;2;71;18;101;48;2;71;12;95m▀[0m[38;2;69;57;130;48;2;72;35;116m▀[0m[38;2;72;27;109;48;2;71;11;94m▀[0m[38;2;72;27;109;48;2;71;11;94m▀[0m[38;2;70;9;92;48;2;72;19;101m▀[0m[38;2;72;39;119;48;2;71;41;120m▀[0m[38;2;69;5;88;48;2;69;54;129m▀[0m[38;2;69;5;88;48;2;69;54;129m▀[0m[38;2;72;27;109;48;2;68;1;84m▀[0m[38;2;71;14;97;48;2;72;29;110m▀[0m[38;2;71;14;97;48;2;72;29;110m▀[0m[38;2;71;41;120;48;2;71;16;98m▀[0m[38;2;72;27;109;48;2;69;54;129m▀[0m[38;2;72;27;109;48;2;69;54;129m▀[0m[38;2;72;22;104;48;2;72;24;106m▀[0m[38;2;71;45;123;48;2;72;37;117m▀[0m[38;2;71;12;95;48;2;70;10;93m▀[0m[38;2;71;12;95;48;2;70;10;93m▀[0m[38;2;72;31;112;48;2;72;23;105m▀[0m[38;2;69;4;87;48;2;72;31;112m▀[0m[38;2;69;4;87;48;2;72;31;112m▀[0m[38;2;71;13;96;48;2;71;16;99m▀[0m[38;2;72;24;106;48;2;72;32;113m▀[0m[38;2;72;24;106;48;2;72;32;113m▀[0m[38;2;69;4;87;48;2;72;35;116m▀[0m[38;2;72;28;109;48;2;71;14;97m▀[0m[38;2;72;26;108;48;2;71;12;95m▀[0m[38;2;72;26;108;48;2;71;12;95m▀[0m[38;2;72;27;108;48;2;72;25;107m▀[0m[38;2;70;9;92;48;2;71;14;97m▀[0m[38;2;70;9;92;48;2;71;14;97m▀[0m[38;2;68;1;84;48;2;69;4;87m▀[0m[38;2;71;18;101;48;2;68;1;84m▀[0m[38;2;71;18;101;48;2;68;1;84m▀[0m[38;2;72;39;119;48;2;72;34;115m▀[0m[38;2;71;43;122;48;2;72;22;104m▀[0m
[2m  -0.192 [0m[38;2;72;29;110;48;2;72;21;103m▀[0m[38;2;72;29;110;48;2;72;21;103m▀[0m[38;2;72;34;115;48;2;72;27;109m▀[0m[38;2;72;24;106;48;2;68;1;84m▀[0m[38;2;72;24;106;48;2;68;1;84m▀[0m[38;2;72;19;101;48;2;72;30;111m▀[0m[38;2;71;16;99;48;2;72;36;117m▀[0m[38;2;71;16;99;48;2;72;36;117m▀[0m[38;2;68;1;84;48;2;72;19;102m▀[0m[38;2;72;28;109;48;2;71;14;97m▀[0m[38;2;72;26;108;48;2;72;29;110m▀[0m[38;2;72;26;108;48;2;72;29;110m▀[0m[38;2;72;35;116;48;2;71;13;96m▀[0m[38;2;71;14;97;48;2;72;26;108m▀[0m[38;2;71;14;97;48;2;72;26;108m▀[0m[38;2;69;5;88;48;2;72;25;107m▀[0m[38;2;69;6;89;48;2;72;20;102m▀[0m[38;2;69;6;89;48;2;72;20;102m▀[0m[38;2;69;6;89;48;2;70;10;93m▀[0m[38;2;70;11;94;48;2;71;42;121m▀[0m[38;2;68;1;84;48;2;72;34;115m▀[0m[38;2;68;1;84;48;2;72;34;115m▀[0m[38;2;70;7;90;48;2;72;24;106m▀[0m[38;2;72;28;110;48;2;72;37;117m▀[0m[38;2;72;28;110;48;2;72;37;117m▀[0m[38;2;71;48;125;48;2;72;23;105m▀[0m[38;2;72;21;103;48;2;70;7;90m▀[0m[38;2;72;21;103;48;2;70;7;90m▀[0m[38;2;72;20;103;48;2;72;32;113m▀[0m[38;2;72;29;110;48;2;71;15;97m▀[0m[38;2;72;37;118;48;2;72;22;104m▀[0m[38;2;72;37;118;48;2;72;22;104m▀[0m[38;2;69;4;87;48;2;72;23;105m▀[0m[38;2;72;25;107;48;2;71;17;100m▀[0m[38;2;72;25;107;48;2;71;17;100m▀[0m[38;2;71;47;124;48;2;70;8;91m▀[0m[38;2;72;38;118;48;2;71;16;98m▀[0m[38;2;72;38;118;48;2;71;16;98m▀[0m[38;2;70;11;94;48;2;70;10;93m▀[0m[38;2;71;15;97;48;2;71;12;95m▀[0m[38;2;72;32;114;48;2;71;16;99m▀[0m[38;2;72;32;114;48;2;71;16;99m▀[0m[38;2;69;3;86;48;2;68;1;84m▀[0m[38;2;71;43;122;48;2;72;38;118m▀[0m[38;2;71;43;122;48;2;72;38;118m▀[0m[38;2;71;14;97;48;2;72;35;116m▀[0m[38;2;72;34;115;48;2;72;28;110m▀[0m[38;2;72;34;115;48;2;72;28;110m▀[0m[38;2;72;35;116;48;2;71;14;97m▀[0m[38;2;72;20;102;48;2;72;29;111m▀[0m[38;2;68;1;84;48;2;72;24;106m▀[0m[38;2;68;1;84;48;2;72;24;106m▀[0m[38;2;71;43;122;48;2;68;2;85m▀[0m[38;2;72;30;112;48;2;71;12;95m▀[0m[38;2;72;30;112;48;2;71;12;95m▀[0m[38;2;72;20;102;48;2;69;5;88m▀[0m[38;2;72;31;112;48;2;72;27;109m▀[0m[38;2;72;31;112;48;2;72;27;109m▀[0m[38;2;72;24;106;48;2;72;21;103m▀[0m[38;2;71;13;96;48;2;72;38;118m▀[0m[38;2;72;34;115;48;2;72;27;109m▀[0m[38;2;72;34;115;48;2;72;27;109m▀[0m[38;2;72;24;106;48;2;71;14;97m▀[0m[38;2;72;19;102;48;2;72;23;105m▀[0m[38;2;72;19;102;48;2;72;23;105m▀[0m[38;2;68;1;84;48;2;71;11;94m▀[0m[38;2;72;39;119;48;2;70;7;90m▀[0m[38;2;72;39;119;48;2;70;7;90m▀[0m[38;2;69;4;87;48;2;72;28;110m▀[0m[38;2;71;18;101;48;2;71;13;96m▀[0m[38;2;72;35;116;48;2;72;21;103m▀[0m[38;2;72;35;116;48;2;72;21;103m▀[0m[38;2;72;24;106;48;2;72;28;110m▀[0m[38;2;72;23;105;48;2;71;15;98m▀[0m[38;2;72;23;105;48;2;71;15;98m▀[0m[38;2;72;25;107;48;2;69;4;87m▀[0m[38;2;68;1;84;48;2;68;1;84m▀[0m[38;2;68;1;84;48;2;68;1;84m▀[0m[38;2;72;24;106;48;2;72;25;107m▀[0m[38;2;69;5;88;48;2;72;28;109m▀[0m[38;2;71;42;121;48;2;71;15;98m▀[0m[38;2;71;42;121;48;2;71;15;98m▀[0m[38;2;72;21;103;48;2;69;5;88m▀[0m[38;2;72;35;116;48;2;72;20;103m▀[0m[38;2;72;35;116;48;2;72;20;103m▀[0m[38;2;72;32;113;48;2;69;6;89m▀[0m[38;2;72;20;103;48;2;72;28;110m▀[0m[38;2;72;20;103;48;2;72;28;110m▀[0m[38;2;71;14;97;48;2;72;19;102m▀[0m[38;2;72;20;103;48;2;69;54;129m▀[0m
[2m  -0.235 [0m[38;2;72;23;105;48;2;72;24;106m▀[0m[38;2;72;23;105;48;2;72;24;106m▀[0m[38;2;68;1;84;48;2;71;13;96m▀[0m[38;2;72;32;113;48;2;72;31;112m▀[0m[38;2;72;32;113;48;2;72;31;112m▀[0m[38;2;72;34;115;48;2;72;26;107m▀[0m[38;2;72;35;116;48;2;72;36;117m▀[0m[38;2;72;35;116;48;2;72;36;117m▀[0m[38;2;72;26;107;48;2;50;100;142m▀[0m[38;2;72;27;109;48;2;55;184;119m▀[0m[38;2;72;19;101;48;2;37;171;130m▀[0m[38;2;72;19;101;48;2;37;171;130m▀[0m[38;2;72;19;101;48;2;65;190;114m▀[0m[38;2;72;21;103;48;2;46;179;124m▀[0m[38;2;72;21;103;48;2;46;179;124m▀[0m[38;2;72;25;107;48;2;56;185;119m▀[0m[38;2;72;30;111;48;2;56;185;119m▀[0m[38;2;72;30;111;48;2;56;185;119m▀[0m[38;2;72;35;116;48;2;49;181;122m▀[0m[38;2;71;45;123;48;2;51;182;122m▀[0m[38;2;71;13;96;48;2;61;187;116m▀[0m[38;2;71;13;96;48;2;61;187;116m▀[0m[38;2;72;30;111;48;2;50;182;122m▀[0m[38;2;71;41;120;48;2;61;188;116m▀[0m[38;2;71;41;120;48;2;61;188;116m▀[0m[38;2;71;43;121;48;2;50;181;122m▀[0m[38;2;72;35;116;48;2;60;187;117m▀[0m[38;2;72;35;116;48;2;60;187;117m▀[0m[38;2;72;22;105;48;2;72;193;110m▀[0m[38;2;72;36;117;48;2;42;175;127m▀[0m[38;2;70;7;90;48;2;55;184;120m▀[0m[38;2;70;7;90;48;2;55;184;120m▀[0m[38;2;68;2;85;48;2;45;178;124m▀[0m[38;2;72;24;106;48;2;43;177;126m▀[0m[38;2;72;24;106;48;2;43;177;126m▀[0m[38;2;72;32;113;48;2;50;182;122m▀[0m[38;2;72;23;105;48;2;31;158;136m▀[0m[38;2;72;23;105;48;2;31;158;136m▀[0m[38;2;70;8;91;48;2;43;176;126m▀[0m[38;2;70;7;90;48;2;70;192;111m▀[0m[38;2;71;18;101;48;2;61;187;116m▀[0m[38;2;71;18;101;48;2;61;187;116m▀[0m[38;2;69;3;86;48;2;65;189;114m▀[0m[38;2;72;38;118;48;2;60;187;117m▀[0m[38;2;72;38;118;48;2;60;187;117m▀[0m[38;2;68;1;84;48;2;33;165;133m▀[0m[38;2;72;30;111;48;2;46;179;124m▀[0m[38;2;72;30;111;48;2;46;179;124m▀[0m[38;2;72;19;101;48;2;83;197;104m▀[0m[38;2;72;27;108;48;2;61;187;116m▀[0m[38;2;72;20;102;48;2;74;194;109m▀[0m[38;2;72;20;102;48;2;74;194;109m▀[0m[38;2;72;32;114;48;2;36;169;131m▀[0m[38;2;72;36;117;48;2;98;202;95m▀[0m[38;2;72;36;117;48;2;98;202;95m▀[0m[38;2;72;32;113;48;2;49;181;122m▀[0m[38;2;72;21;103;48;2;123;210;80m▀[0m[38;2;72;21;103;48;2;123;210;80m▀[0m[38;2;72;32;114;48;2;36;169;131m▀[0m[38;2;72;27;109;48;2;97;202;96m▀[0m[38;2;70;8;91;48;2;45;178;125m▀[0m[38;2;70;8;91;48;2;45;178;125m▀[0m[38;2;72;20;102;48;2;76;194;108m▀[0m[38;2;72;19;102;48;2;73;193;110m▀[0m[38;2;72;19;102;48;2;73;193;110m▀[0m[38;2;72;20;102;48;2;47;107;142m▀[0m[38;2;72;39;119;48;2;72;38;118m▀[0m[38;2;72;39;119;48;2;72;38;118m▀[0m[38;2;72;29;110;48;2;68;1;84m▀[0m[38;2;71;17;99;48;2;72;33;114m▀[0m[38;2;71;42;121;48;2;72;30;112m▀[0m[38;2;71;42;121;48;2;72;30;112m▀[0m[38;2;72;19;101;48;2;68;1;84m▀[0m[38;2;71;18;100;48;2;72;31;112m▀[0m[38;2;71;18;100;48;2;72;31;112m▀[0m[38;2;72;21;103;48;2;72;21;103m▀[0m[38;2;72;32;113;48;2;72;19;101m▀[0m[38;2;72;32;113;48;2;72;19;101m▀[0m[38;2;72;30;112;48;2;71;17;100m▀[0m[38;2;69;4;87;48;2;70;8;91m▀[0m[38;2;72;29;111;48;2;70;10;93m▀[0m[38;2;72;29;111;48;2;70;10;93m▀[0m[38;2;72;36;117;48;2;69;7;90m▀[0m[38;2;70;7;90;48;2;72;24;106m▀[0m[38;2;70;7;90;48;2;72;24;106m▀[0m[38;2;71;42;121;48;2;72;23;105m▀[0m[38;2;71;18;100;48;2;72;21;104m▀[0m[38;2;71;18;100;48;2;72;21;104m▀[0m[38;2;68;1;84;48;2;71;14;97m▀[0m[38;2;71;17;100;48;2;72;25;106m▀[0m
[2m  -0.278 [0m[38;2;71;14;97;48;2;72;39;119m▀[0m[38;2;71;14;97;48;2;72;39;119m▀[0m[38;2;69;4;87;48;2;72;20;103m▀[0m[38;2;72;29;110;48;2;72;23;105m▀[0m[38;2;72;29;110;48;2;72;23;105m▀[0m[38;2;70;7;90;48;2;72;35;116m▀[0m[38;2;72;33;115;48;2;72;28;110m▀[0m[38;2;72;33;115;48;2;72;28;110m▀[0m[38;2;49;103;142;48;2;38;129;142m▀[0m[38;2;63;188;115;48;2;109;205;89m▀[0m[38;2;93;201;98;48;2;80;196;106m▀[0m[38;2;93;201;98;48;2;80;196;106m▀[0m[38;2;70;192;111;48;2;114;207;86m▀[0m[38;2;83;197;104;48;2;78;195;107m▀[0m[38;2;83;197;104;48;2;78;195;107m▀[0m[38;2;74;194;109;48;2;95;201;97m▀[0m[38;2;69;192;111;48;2;104;204;92m▀[0m[38;2;69;192;111;48;2;104;204;92m▀[0m[38;2;93;201;98;48;2;86;198;102m▀[0m[38;2;68;191;112;48;2;84;197;103m▀[0m[38;2;69;192;112;48;2;79;196;106m▀[0m[38;2;69;192;112;48;2;79;196;106m▀[0m[38;2;107;205;90;48;2;58;186;118m▀[0m[38;2;94;201;98;48;2;77;195;107m▀[0m[38;2;94;201;98;48;2;77;195;107m▀[0m[38;2;91;200;100;48;2;69;192;111m▀[0m[38;2;75;194;108;48;2;88;199;101m▀[0m[38;2;75;194;108;48;2;88;199;101m▀[0m[38;2;67;190;113;48;2;121;209;81m▀[0m[38;2;93;200;98;48;2;94;201;98m▀[0m[38;2;72;193;110;48;2;76;194;108m▀[0m[38;2;72;193;110;48;2;76;194;108m▀[0m[38;2;63;189;115;48;2;96;201;97m▀[0m[38;2;82;197;104;48;2;92;200;99m▀[0m[38;2;82;197;104;48;2;92;200;99m▀[0m[38;2;87;199;101;48;2;99;202;95m▀[0m[38;2;75;194;108;48;2;134;212;74m▀[0m[38;2;75;194;108;48;2;134;212;74m▀[0m[38;2;75;194;109;48;2;66;190;114m▀[0m[38;2;97;202;96;48;2;85;198;103m▀[0m[38;2;102;203;93;48;2;78;195;107m▀[0m[38;2;102;203;93;48;2;78;195;107m▀[0m[38;2;112;206;88;48;2;91;200;99m▀[0m[38;2;82;197;105;48;2;96;202;96m▀[0m[38;2;82;197;105;48;2;96;202;96m▀[0m[38;2;84;197;103;48;2;111;206;88m▀[0m[38;2;86;198;102;48;2;79;196;106m▀[0m[38;2;86;198;102;48;2;79;196;106m▀[0m[38;2;89;199;101;48;2;111;206;88m▀[0m[38;2;95;201;97;48;2;75;194;108m▀[0m[38;2;84;198;103;48;2;69;192;112m▀[0m[38;2;84;198;103;48;2;69;192;112m▀[0m[38;2;105;204;92;48;2;54;184;120m▀[0m[38;2;64;189;115;48;2;74;194;109m▀[0m[38;2;64;189;115;48;2;74;194;109m▀[0m[38;2;67;190;113;48;2;94;201;98m▀[0m[38;2;62;188;116;48;2;88;199;101m▀[0m[38;2;62;188;116;48;2;88;199;101m▀[0m[38;2;66;190;113;48;2;83;197;104m▀[0m[38;2;91;200;100;48;2;76;195;108m▀[0m[38;2;98;202;95;48;2;90;200;100m▀[0m[38;2;98;202;95;48;2;90;200;100m▀[0m[38;2;68;191;112;48;2;84;198;103m▀[0m[38;2;71;192;111;48;2;61;188;116m▀[0m[38;2;71;192;111;48;2;61;188;116m▀[0m[38;2;41;121;142;48;2;42;121;142m▀[0m[38;2;70;8;91;48;2;72;28;110m▀[0m[38;2;70;8;91;48;2;72;28;110m▀[0m[38;2;70;8;91;48;2;72;40;119m▀[0m[38;2;71;15;98;48;2;72;40;120m▀[0m[38;2;72;26;108;48;2;72;30;112m▀[0m[38;2;72;26;108;48;2;72;30;112m▀[0m[38;2;71;14;97;48;2;71;45;124m▀[0m[38;2;71;16;98;48;2;71;14;97m▀[0m[38;2;71;16;98;48;2;71;14;97m▀[0m[38;2;72;26;108;48;2;68;1;84m▀[0m[38;2;72;31;113;48;2;72;28;110m▀[0m[38;2;72;31;113;48;2;72;28;110m▀[0m[38;2;72;29;110;48;2;72;22;104m▀[0m[38;2;70;11;94;48;2;72;26;108m▀[0m[38;2;72;26;108;48;2;72;27;108m▀[0m[38;2;72;26;108;48;2;72;27;108m▀[0m[38;2;68;1;84;48;2;68;58;131m▀[0m[38;2;71;13;96;48;2;72;24;106m▀[0m[38;2;71;13;96;48;2;72;24;106m▀[0m[38;2;71;42;121;48;2;72;25;107m▀[0m[38;2;72;29;111;48;2;72;27;109m▀[0m[38;2;72;29;111;48;2;72;27;109m▀[0m[38;2;69;56;130;48;2;72;37;117m▀[0m[38;2;72;24;106;48;2;69;6;89m▀[0m
[2m  -0.320 [0m[38;2;72;31;112;48;2;71;43;122m▀[0m[38;2;72;31;112;48;2;71;43;122m▀[0m[38;2;72;26;108;48;2;72;23;105m▀[0m[38;2;72;29;111;48;2;72;30;111m▀[0m[38;2;72;29;111;48;2;72;30;111m▀[0m[38;2;72;26;107;48;2;71;44;123m▀[0m[38;2;72;19;102;48;2;72;29;110m▀[0m[38;2;72;19;102;48;2;72;29;110m▀[0m[38;2;55;90;141;48;2;68;1;84m▀[0m[38;2;73;193;110;48;2;66;64;134m▀[0m[38;2;41;175;127;48;2;67;62;133m▀[0m[38;2;41;175;127;48;2;67;62;133m▀[0m[38;2;75;194;108;48;2;64;69;135m▀[0m[38;2;84;198;103;48;2;58;84;140m▀[0m[38;2;84;198;103;48;2;58;84;140m▀[0m[38;2;56;185;119;48;2;48;106;142m▀[0m[38;2;78;195;107;48;2;56;88;140m▀[0m[38;2;78;195;107;48;2;56;88;140m▀[0m[38;2;70;192;111;48;2;45;112;142m▀[0m[38;2;76;194;108;48;2;63;71;136m▀[0m[38;2;41;174;128;48;2;72;27;109m▀[0m[38;2;41;174;128;48;2;72;27;109m▀[0m[38;2;52;183;121;48;2;61;76;138m▀[0m[38;2;59;187;117;48;2;56;89;141m▀[0m[38;2;59;187;117;48;2;56;89;141m▀[0m[38;2;72;193;110;48;2;59;82;139m▀[0m[38;2;85;198;103;48;2;69;56;130m▀[0m[38;2;85;198;103;48;2;69;56;130m▀[0m[38;2;58;186;118;48;2;50;100;142m▀[0m[38;2;65;189;114;48;2;53;96;141m▀[0m[38;2;84;197;103;48;2;60;79;138m▀[0m[38;2;84;197;103;48;2;60;79;138m▀[0m[38;2;108;205;90;48;2;62;74;137m▀[0m[38;2;71;193;111;48;2;49;103;142m▀[0m[38;2;71;193;111;48;2;49;103;142m▀[0m[38;2;46;179;124;48;2;51;98;142m▀[0m[38;2;41;174;127;48;2;72;33;115m▀[0m[38;2;41;174;127;48;2;72;33;115m▀[0m[38;2;83;197;104;48;2;47;107;142m▀[0m[38;2;67;190;113;48;2;55;92;141m▀[0m[38;2;66;190;113;48;2;61;77;138m▀[0m[38;2;66;190;113;48;2;61;77;138m▀[0m[38;2;85;198;102;48;2;61;77;138m▀[0m[38;2;86;198;102;48;2;64;69;135m▀[0m[38;2;86;198;102;48;2;64;69;135m▀[0m[38;2;46;179;124;48;2;66;65;134m▀[0m[38;2;57;185;119;48;2;72;40;119m▀[0m[38;2;57;185;119;48;2;72;40;119m▀[0m[38;2;72;193;110;48;2;65;67;135m▀[0m[38;2;79;196;106;48;2;71;41;120m▀[0m[38;2;97;202;96;48;2;50;101;142m▀[0m[38;2;97;202;96;48;2;50;101;142m▀[0m[38;2;73;193;110;48;2;51;99;142m▀[0m[38;2;59;186;118;48;2;62;75;137m▀[0m[38;2;59;186;118;48;2;62;75;137m▀[0m[38;2;83;197;104;48;2;68;60;132m▀[0m[38;2;46;179;124;48;2;55;90;141m▀[0m[38;2;46;179;124;48;2;55;90;141m▀[0m[38;2;68;191;112;48;2;57;86;140m▀[0m[38;2;70;192;111;48;2;65;67;135m▀[0m[38;2;69;192;112;48;2;66;64;134m▀[0m[38;2;69;192;112;48;2;66;64;134m▀[0m[38;2;68;191;112;48;2;70;49;126m▀[0m[38;2;63;188;115;48;2;63;73;137m▀[0m[38;2;63;188;115;48;2;63;73;137m▀[0m[38;2;53;94;141;48;2;71;17;100m▀[0m[38;2;71;42;121;48;2;72;28;109m▀[0m[38;2;71;42;121;48;2;72;28;109m▀[0m[38;2;72;25;107;48;2;70;8;91m▀[0m[38;2;71;13;96;48;2;72;27;109m▀[0m[38;2;72;36;117;48;2;70;7;90m▀[0m[38;2;72;36;117;48;2;70;7;90m▀[0m[38;2;71;17;99;48;2;72;26;108m▀[0m[38;2;70;9;92;48;2;68;2;85m▀[0m[38;2;70;9;92;48;2;68;2;85m▀[0m[38;2;72;35;116;48;2;72;27;109m▀[0m[38;2;72;21;103;48;2;72;29;110m▀[0m[38;2;72;21;103;48;2;72;29;110m▀[0m[38;2;72;26;108;48;2;72;34;115m▀[0m[38;2;72;25;107;48;2;72;27;109m▀[0m[38;2;72;20;103;48;2;69;7;90m▀[0m[38;2;72;20;103;48;2;69;7;90m▀[0m[38;2;71;46;124;48;2;72;26;108m▀[0m[38;2;72;30;112;48;2;72;31;113m▀[0m[38;2;72;30;112;48;2;72;31;113m▀[0m[38;2;72;22;104;48;2;71;13;96m▀[0m[38;2;72;35;116;48;2;68;1;84m▀[0m[38;2;72;35;116;48;2;68;1;84m▀[0m[38;2;72;32;113;48;2;71;16;99m▀[0m[38;2;72;32;113;48;2;72;38;118m▀[0m
[2m  -0.363 [0m[38;2;71;43;122;48;2;68;1;84m▀[0m[38;2;71;43;122;48;2;68;1;84m▀[0m[38;2;68;1;84;48;2;72;30;111m▀[0m[38;2;69;5;88;48;2;72;21;103m▀[0m[38;2;69;5;88;48;2;72;21;103m▀[0m[38;2;72;26;108;48;2;71;13;96m▀[0m[38;2;72;26;107;48;2;71;44;123m▀[0m[38;2;72;26;107;48;2;71;44;123m▀[0m[38;2;71;16;99;48;2;72;20;102m▀[0m[38;2;71;12;95;48;2;71;42;121m▀[0m[38;2;71;18;101;48;2;72;21;103m▀[0m[38;2;71;18;101;48;2;72;21;103m▀[0m[38;2;72;37;118;48;2;72;24;106m▀[0m[38;2;72;34;115;48;2;70;10;93m▀[0m[38;2;72;34;115;48;2;70;10;93m▀[0m[38;2;72;32;113;48;2;72;38;118m▀[0m[38;2;69;5;88;48;2;72;24;106m▀[0m[38;2;69;5;88;48;2;72;24;106m▀[0m[38;2;72;20;102;48;2;71;17;100m▀[0m[38;2;72;21;104;48;2;69;4;87m▀[0m[38;2;71;41;121;48;2;72;35;116m▀[0m[38;2;71;41;121;48;2;72;35;116m▀[0m[38;2;71;18;101;48;2;72;35;116m▀[0m[38;2;72;29;110;48;2;72;22;105m▀[0m[38;2;72;29;110;48;2;72;22;105m▀[0m[38;2;72;30;111;48;2;72;33;114m▀[0m[38;2;72;39;119;48;2;70;9;92m▀[0m[38;2;72;39;119;48;2;70;9;92m▀[0m[38;2;72;40;119;48;2;72;35;116m▀[0m[38;2;68;1;84;48;2;71;16;99m▀[0m[38;2;72;23;105;48;2;72;23;105m▀[0m[38;2;72;23;105;48;2;72;23;105m▀[0m[38;2;72;28;110;48;2;72;28;109m▀[0m[38;2;71;43;121;48;2;72;20;102m▀[0m[38;2;71;43;121;48;2;72;20;102m▀[0m[38;2;68;1;84;48;2;72;28;110m▀[0m[38;2;71;18;101;48;2;71;11;94m▀[0m[38;2;71;18;101;48;2;71;11;94m▀[0m[38;2;71;17;100;48;2;71;18;100m▀[0m[38;2;72;31;112;48;2;72;32;114m▀[0m[38;2;72;31;112;48;2;72;30;111m▀[0m[38;2;72;31;112;48;2;72;30;111m▀[0m[38;2;72;27;109;48;2;72;21;104m▀[0m[38;2;72;27;109;48;2;72;38;118m▀[0m[38;2;72;27;109;48;2;72;38;118m▀[0m[38;2;71;43;122;48;2;68;1;84m▀[0m[38;2;71;15;97;48;2;68;1;84m▀[0m[38;2;71;15;97;48;2;68;1;84m▀[0m[38;2;72;25;107;48;2;72;28;110m▀[0m[38;2;72;31;113;48;2;72;28;110m▀[0m[38;2;72;23;105;48;2;71;14;97m▀[0m[38;2;72;23;105;48;2;71;14;97m▀[0m[38;2;72;24;106;48;2;71;12;95m▀[0m[38;2;72;28;110;48;2;72;26;108m▀[0m[38;2;72;28;110;48;2;72;26;108m▀[0m[38;2;72;38;118;48;2;72;32;113m▀[0m[38;2;71;16;98;48;2;71;12;95m▀[0m[38;2;71;16;98;48;2;71;12;95m▀[0m[38;2;68;1;84;48;2;72;21;103m▀[0m[38;2;69;7;90;48;2;68;3;86m▀[0m[38;2;69;55;129;48;2;72;40;119m▀[0m[38;2;69;55;129;48;2;72;40;119m▀[0m[38;2;72;25;107;48;2;72;33;114m▀[0m[38;2;71;13;96;48;2;70;53;128m▀[0m[38;2;71;13;96;48;2;70;53;128m▀[0m[38;2;69;6;89;48;2;72;37;117m▀[0m[38;2;71;15;98;48;2;72;39;119m▀[0m[38;2;71;15;98;48;2;72;39;119m▀[0m[38;2;72;21;103;48;2;72;32;113m▀[0m[38;2;71;43;122;48;2;71;14;97m▀[0m[38;2;69;3;86;48;2;71;13;96m▀[0m[38;2;69;3;86;48;2;71;13;96m▀[0m[38;2;72;24;106;48;2;72;30;112m▀[0m[38;2;70;11;94;48;2;72;38;118m▀[0m[38;2;70;11;94;48;2;72;38;118m▀[0m[38;2;70;9;92;48;2;72;25;107m▀[0m[38;2;72;22;104;48;2;72;24;106m▀[0m[38;2;72;22;104;48;2;72;24;106m▀[0m[38;2;71;18;100;48;2;71;14;97m▀[0m[38;2;72;28;110;48;2;72;33;115m▀[0m[38;2;72;34;115;48;2;70;11;94m▀[0m[38;2;72;34;115;48;2;70;11;94m▀[0m[38;2;70;10;93;48;2;70;7;90m▀[0m[38;2;72;25;107;48;2;70;7;90m▀[0m[38;2;72;25;107;48;2;70;7;90m▀[0m[38;2;70;51;127;48;2;71;13;96m▀[0m[38;2;72;39;119;48;2;72;21;103m▀[0m[38;2;72;39;119;48;2;72;21;103m▀[0m[38;2;72;19;101;48;2;71;12;95m▀[0m[38;2;72;25;107;48;2;72;28;110m▀[0m
[2m  -0.406 [0m[38;2;71;16;99;48;2;68;2;85m▀[0m[38;2;71;16;99;48;2;68;2;85m▀[0m[38;2;71;13;96;48;2;71;42;121m▀[0m[38;2;71;12;95;48;2;72;30;111m▀[0m[38;2;71;12;95;48;2;72;30;111m▀[0m[38;2;72;34;115;48;2;72;35;116m▀[0m[38;2;72;34;115;48;2;72;21;103m▀[0m[38;2;72;34;115;48;2;72;21;103m▀[0m[38;2;71;17;99;48;2;72;22;104m▀[0m[38;2;72;30;111;48;2;69;5;88m▀[0m[38;2;71;44;123;48;2;71;18;101m▀[0m[38;2;71;44;123;48;2;71;18;101m▀[0m[38;2;72;23;105;48;2;68;1;84m▀[0m[38;2;71;16;98;48;2;72;20;102m▀[0m[38;2;71;16;98;48;2;72;20;102m▀[0m[38;2;72;23;105;48;2;72;23;105m▀[0m[38;2;72;35;116;48;2;70;11;94m▀[0m[38;2;72;35;116;48;2;70;11;94m▀[0m[38;2;72;26;108;48;2;71;17;100m▀[0m[38;2;69;5;88;48;2;69;55;129m▀[0m[38;2;68;1;84;48;2;72;25;107m▀[0m[38;2;68;1;84;48;2;72;25;107m▀[0m[38;2;72;38;118;48;2;71;17;100m▀[0m[38;2;72;25;107;48;2;72;25;107m▀[0m[38;2;72;25;107;48;2;72;25;107m▀[0m[38;2;72;30;111;48;2;71;43;122m▀[0m[38;2;72;30;112;48;2;71;18;100m▀[0m[38;2;72;30;112;48;2;71;18;100m▀[0m[38;2;72;30;112;48;2;68;2;85m▀[0m[38;2;68;1;84;48;2;72;20;102m▀[0m[38;2;71;14;96;48;2;71;18;100m▀[0m[38;2;71;14;96;48;2;71;18;100m▀[0m[38;2;72;22;104;48;2;68;1;84m▀[0m[38;2;72;26;108;48;2;72;29;110m▀[0m[38;2;72;26;108;48;2;72;29;110m▀[0m[38;2;71;46;124;48;2;71;12;95m▀[0m[38;2;72;28;110;48;2;71;15;98m▀[0m[38;2;72;28;110;48;2;71;15;98m▀[0m[38;2;71;16;99;48;2;72;19;101m▀[0m[38;2;71;16;99;48;2;72;19;102m▀[0m[38;2;72;34;115;48;2;70;11;94m▀[0m[38;2;72;34;115;48;2;70;11;94m▀[0m[38;2;72;26;108;48;2;72;30;111m▀[0m[38;2;72;21;104;48;2;72;23;105m▀[0m[38;2;72;21;104;48;2;72;23;105m▀[0m[38;2;69;5;88;48;2;68;1;84m▀[0m[38;2;72;34;115;48;2;72;27;108m▀[0m[38;2;72;34;115;48;2;72;27;108m▀[0m[38;2;72;26;108;48;2;69;54;129m▀[0m[38;2;72;22;105;48;2;72;33;114m▀[0m[38;2;72;31;112;48;2;71;17;100m▀[0m[38;2;72;31;112;48;2;71;17;100m▀[0m[38;2;71;18;101;48;2;71;47;124m▀[0m[38;2;72;35;116;48;2;72;32;113m▀[0m[38;2;72;35;116;48;2;72;32;113m▀[0m[38;2;72;38;118;48;2;71;13;96m▀[0m[38;2;71;42;121;48;2;72;35;116m▀[0m[38;2;71;42;121;48;2;72;35;116m▀[0m[38;2;72;32;113;48;2;70;49;126m▀[0m[38;2;72;24;106;48;2;72;30;112m▀[0m[38;2;71;14;97;48;2;72;35;116m▀[0m[38;2;71;14;97;48;2;72;35;116m▀[0m[38;2;72;26;108;48;2;71;13;96m▀[0m[38;2;71;17;100;48;2;71;15;97m▀[0m[38;2;71;17;100;48;2;71;15;97m▀[0m[38;2;69;6;89;48;2;72;38;118m▀[0m[38;2;71;17;100;48;2;72;35;116m▀[0m[38;2;71;17;100;48;2;72;35;116m▀[0m[38;2;71;14;96;48;2;72;23;105m▀[0m[38;2;72;30;111;48;2;70;8;91m▀[0m[38;2;71;16;98;48;2;72;23;105m▀[0m[38;2;71;16;98;48;2;72;23;105m▀[0m[38;2;72;20;102;48;2;69;6;89m▀[0m[38;2;72;24;106;48;2;72;24;106m▀[0m[38;2;72;24;106;48;2;72;24;106m▀[0m[38;2;71;42;121;48;2;71;13;96m▀[0m[38;2;71;17;99;48;2;71;17;100m▀[0m[38;2;71;17;99;48;2;71;17;100m▀[0m[38;2;71;43;122;48;2;71;46;124m▀[0m[38;2;72;25;107;48;2;72;27;109m▀[0m[38;2;72;26;108;48;2;72;37;117m▀[0m[38;2;72;26;108;48;2;72;37;117m▀[0m[38;2;70;9;92;48;2;72;19;102m▀[0m[38;2;72;30;112;48;2;71;12;95m▀[0m[38;2;72;30;112;48;2;71;12;95m▀[0m[38;2;71;43;122;48;2;69;6;89m▀[0m[38;2;72;33;114;48;2;71;11;94m▀[0m[38;2;72;33;114;48;2;71;11;94m▀[0m[38;2;72;24;106;48;2;72;33;114m▀[0m[38;2;71;43;122;48;2;72;30;111m▀[0m
[2m  -0.448 [0m[38;2;72;23;105;48;2;70;8;91m▀[0m[38;2;72;23;105;48;2;70;8;91m▀[0m[38;2;72;23;105;48;2;71;13;96m▀[0m[38;2;72;34;115;48;2;72;29;111m▀[0m[38;2;72;34;115;48;2;72;29;111m▀[0m[38;2;72;20;102;48;2;71;13;96m▀[0m[38;2;69;6;89;48;2;72;19;102m▀[0m[38;2;69;6;89;48;2;72;19;102m▀[0m[38;2;72;26;108;48;2;71;16;99m▀[0m[38;2;72;31;112;48;2;70;10;93m▀[0m[38;2;72;28;109;48;2;72;31;113m▀[0m[38;2;72;28;109;48;2;72;31;113m▀[0m[38;2;70;10;93;48;2;70;51;127m▀[0m[38;2;68;1;84;48;2;72;30;112m▀[0m[38;2;68;1;84;48;2;72;30;112m▀[0m[38;2;72;39;119;48;2;68;3;86m▀[0m[38;2;72;38;118;48;2;71;15;98m▀[0m[38;2;72;38;118;48;2;71;15;98m▀[0m[38;2;72;31;112;48;2;72;27;109m▀[0m[38;2;71;18;100;48;2;72;36;116m▀[0m[38;2;72;30;112;48;2;72;27;109m▀[0m[38;2;72;30;112;48;2;72;27;109m▀[0m[38;2;72;23;105;48;2;71;18;101m▀[0m[38;2;72;26;108;48;2;72;27;109m▀[0m[38;2;72;26;108;48;2;72;27;109m▀[0m[38;2;72;35;116;48;2;72;32;113m▀[0m[38;2;72;29;110;48;2;72;39;119m▀[0m[38;2;72;29;110;48;2;72;39;119m▀[0m[38;2;70;8;91;48;2;72;28;110m▀[0m[38;2;71;41;121;48;2;72;24;106m▀[0m[38;2;70;8;91;48;2;72;25;107m▀[0m[38;2;70;8;91;48;2;72;25;107m▀[0m[38;2;69;6;89;48;2;72;22;104m▀[0m[38;2;71;12;95;48;2;72;28;110m▀[0m[38;2;71;12;95;48;2;72;28;110m▀[0m[38;2;72;35;116;48;2;70;8;91m▀[0m[38;2;72;33;114;48;2;70;10;93m▀[0m[38;2;72;33;114;48;2;70;10;93m▀[0m[38;2;68;1;84;48;2;71;14;97m▀[0m[38;2;72;29;111;48;2;72;31;112m▀[0m[38;2;69;4;87;48;2;72;32;113m▀[0m[38;2;69;4;87;48;2;72;32;113m▀[0m[38;2;71;13;96;48;2;71;17;100m▀[0m[38;2;72;35;116;48;2;72;30;112m▀[0m[38;2;72;35;116;48;2;72;30;112m▀[0m[38;2;72;20;103;48;2;72;22;104m▀[0m[38;2;71;46;124;48;2;71;15;98m▀[0m[38;2;71;46;124;48;2;71;15;98m▀[0m[38;2;72;25;107;48;2;72;31;113m▀[0m[38;2;72;23;105;48;2;71;17;99m▀[0m[38;2;72;22;104;48;2;72;26;108m▀[0m[38;2;72;22;104;48;2;72;26;108m▀[0m[38;2;71;16;99;48;2;72;26;108m▀[0m[38;2;72;28;110;48;2;72;21;104m▀[0m[38;2;72;28;110;48;2;72;21;104m▀[0m[38;2;72;23;105;48;2;72;30;112m▀[0m[38;2;72;36;117;48;2;71;47;124m▀[0m[38;2;72;36;117;48;2;71;47;124m▀[0m[38;2;72;30;111;48;2;72;30;111m▀[0m[38;2;72;27;109;48;2;71;12;95m▀[0m[38;2;70;9;92;48;2;72;22;104m▀[0m[38;2;70;9;92;48;2;72;22;104m▀[0m[38;2;71;13;96;48;2;72;21;103m▀[0m[38;2;71;16;99;48;2;72;22;104m▀[0m[38;2;71;16;99;48;2;72;22;104m▀[0m[38;2;68;1;84;48;2;71;15;97m▀[0m[38;2;71;17;99;48;2;71;18;101m▀[0m[38;2;71;17;99;48;2;71;18;101m▀[0m[38;2;72;27;109;48;2;72;37;118m▀[0m[38;2;72;27;109;48;2;69;4;87m▀[0m[38;2;69;5;88;48;2;69;4;87m▀[0m[38;2;69;5;88;48;2;69;4;87m▀[0m[38;2;72;26;108;48;2;72;19;101m▀[0m[38;2;72;20;102;48;2;72;19;101m▀[0m[38;2;72;20;102;48;2;72;19;101m▀[0m[38;2;72;29;110;48;2;68;2;85m▀[0m[38;2;71;15;97;48;2;71;42;121m▀[0m[38;2;71;15;97;48;2;71;42;121m▀[0m[38;2;71;11;94;48;2;72;26;108m▀[0m[38;2;72;19;102;48;2;72;22;104m▀[0m[38;2;68;1;84;48;2;72;21;103m▀[0m[38;2;68;1;84;48;2;72;21;103m▀[0m[38;2;72;22;105;48;2;72;28;110m▀[0m[38;2;72;24;106;48;2;71;14;97m▀[0m[38;2;72;24;106;48;2;71;14;97m▀[0m[38;2;72;20;103;48;2;72;26;107m▀[0m[38;2;71;44;123;48;2;72;30;112m▀[0m[38;2;71;44;123;48;2;72;30;112m▀[0m[38;2;72;36;117;48;2;72;34;115m▀[0m[38;2;69;6;89;48;2;72;30;112m▀[0m
[2m  -0.491 [0m[38;2;71;41;121;48;2;69;6;89m▀[0m[38;2;71;41;121;48;2;69;6;89m▀[0m[38;2;71;46;124;48;2;71;12;95m▀[0m[38;2;71;42;121;48;2;72;23;105m▀[0m[38;2;71;42;121;48;2;72;23;105m▀[0m[38;2;72;36;116;48;2;72;24;106m▀[0m[38;2;72;26;108;48;2;72;30;112m▀[0m[38;2;72;26;108;48;2;72;30;112m▀[0m[38;2;70;8;91;48;2;72;35;116m▀[0m[38;2;72;22;104;48;2;72;19;101m▀[0m[38;2;71;13;96;48;2;72;37;117m▀[0m[38;2;71;13;96;48;2;72;37;117m▀[0m[38;2;72;19;101;48;2;71;16;98m▀[0m[38;2;71;47;125;48;2;71;11;94m▀[0m[38;2;71;47;125;48;2;71;11;94m▀[0m[38;2;72;21;103;48;2;72;22;104m▀[0m[38;2;70;9;92;48;2;72;29;110m▀[0m[38;2;70;9;92;48;2;72;29;110m▀[0m[38;2;68;1;84;48;2;72;22;104m▀[0m[38;2;70;10;93;48;2;71;48;125m▀[0m[38;2;71;41;120;48;2;72;38;118m▀[0m[38;2;71;41;120;48;2;72;38;118m▀[0m[38;2;71;13;96;48;2;72;29;111m▀[0m[38;2;68;1;84;48;2;72;24;106m▀[0m[38;2;68;1;84;48;2;72;24;106m▀[0m[38;2;72;19;102;48;2;72;26;108m▀[0m[38;2;70;11;94;48;2;72;32;113m▀[0m[38;2;70;11;94;48;2;72;32;113m▀[0m[38;2;72;22;105;48;2;71;15;97m▀[0m[38;2;72;21;103;48;2;72;23;105m▀[0m[38;2;68;1;84;48;2;68;1;84m▀[0m[38;2;68;1;84;48;2;68;1;84m▀[0m[38;2;72;36;117;48;2;72;28;109m▀[0m[38;2;71;17;100;48;2;71;43;122m▀[0m[38;2;71;17;100;48;2;71;43;122m▀[0m[38;2;71;16;98;48;2;68;2;85m▀[0m[38;2;70;51;127;48;2;72;26;108m▀[0m[38;2;70;51;127;48;2;72;26;108m▀[0m[38;2;72;34;115;48;2;71;17;100m▀[0m[38;2;68;1;84;48;2;71;11;94m▀[0m[38;2;71;17;100;48;2;71;17;100m▀[0m[38;2;71;17;100;48;2;71;17;100m▀[0m[38;2;72;24;106;48;2;70;52;127m▀[0m[38;2;71;18;100;48;2;72;37;118m▀[0m[38;2;71;18;100;48;2;72;37;118m▀[0m[38;2;71;15;98;48;2;68;1;84m▀[0m[38;2;70;7;90;48;2;72;32;113m▀[0m[38;2;70;7;90;48;2;72;32;113m▀[0m[38;2;68;1;84;48;2;71;16;99m▀[0m[38;2;69;5;88;48;2;72;32;113m▀[0m[38;2;72;25;107;48;2;72;31;112m▀[0m[38;2;72;25;107;48;2;72;31;112m▀[0m[38;2;71;14;97;48;2;72;35;116m▀[0m[38;2;71;17;100;48;2;72;26;108m▀[0m[38;2;71;17;100;48;2;72;26;108m▀[0m[38;2;72;40;119;48;2;68;1;84m▀[0m[38;2;70;50;126;48;2;72;28;110m▀[0m[38;2;70;50;126;48;2;72;28;110m▀[0m[38;2;70;8;91;48;2;70;51;127m▀[0m[38;2;70;11;94;48;2;68;1;84m▀[0m[38;2;72;19;101;48;2;70;9;92m▀[0m[38;2;72;19;101;48;2;70;9;92m▀[0m[38;2;72;24;106;48;2;72;40;120m▀[0m[38;2;71;18;101;48;2;72;24;106m▀[0m[38;2;71;18;101;48;2;72;24;106m▀[0m[38;2;69;4;87;48;2;72;40;119m▀[0m[38;2;69;4;87;48;2;70;9;92m▀[0m[38;2;69;4;87;48;2;70;9;92m▀[0m[38;2;71;13;96;48;2;71;14;97m▀[0m[38;2;72;31;112;48;2;72;20;103m▀[0m[38;2;68;1;84;48;2;72;39;119m▀[0m[38;2;68;1;84;48;2;72;39;119m▀[0m[38;2;69;5;88;48;2;71;18;100m▀[0m[38;2;71;15;97;48;2;71;41;120m▀[0m[38;2;71;15;97;48;2;71;41;120m▀[0m[38;2;72;31;112;48;2;72;37;118m▀[0m[38;2;72;32;113;48;2;69;54;129m▀[0m[38;2;72;32;113;48;2;69;54;129m▀[0m[38;2;72;31;112;48;2;71;13;96m▀[0m[38;2;72;31;112;48;2;69;7;90m▀[0m[38;2;71;44;123;48;2;71;14;97m▀[0m[38;2;71;44;123;48;2;71;14;97m▀[0m[38;2;72;31;112;48;2;71;46;124m▀[0m[38;2;71;13;96;48;2;72;27;109m▀[0m[38;2;71;13;96;48;2;72;27;109m▀[0m[38;2;71;14;97;48;2;71;16;99m▀[0m[38;2;72;22;104;48;2;72;31;112m▀[0m[38;2;72;22;104;48;2;72;31;112m▀[0m[38;2;72;34;115;48;2;72;24;106m▀[0m[38;2;71;14;97;48;2;71;12;95m▀[0m
[2m         ┬                 ┬                 ┬                ┬                 ┬                 ┬[0m
[2m         0.001           0.007             0.013            0.019             0.025             [0m
[2m0.032 s[0m

[2m     güç [0m[2;96m         ▆████████████▇████████████████████████████████████████▆▁                         [0m
[2m         -12.1 … -9.4 dB[0m

